DataType	YYYY	MM	DD	HH	mm	ss	NOAA	UmbraArea	WholeSpotArea	CorrectedUmbraArea	CorrectedWholeSpotArea	Latitude	Longitude	LongitudinalDistance	PositionAngle	DistanceFromCentre	JulianDay	Longitude*Area	Latitude*Area	PositionOnDisk	CarringtonRotation
g	2002	12	28	16	18	0	10239a	0	99	0	53	-23.91	341.73	-4.17	169.56	0.3729	2452637.1791666667	18111.69	-1267.23	0.4768333333333333	1998
g	2002	12	30	11	11	32	10239a	0	9	0	5	-15.71	346.07	23.63	239.46	0.4503	2452638.9663425926	1730.35	-78.55000000000003	0.6312777777777777	1998
g	2002	12	31	13	12	32	10239a	0	10	0	6	-16.47	341.27	33.12	244.0	0.581	2452640.0503703705	2047.62	-98.82	0.684	1998
g	2003	1	3	9	10	57	10239a	0	6	0	6	2.37	230.26	-40.55	82.58	0.6577	2452642.882604167	1381.56	14.22	0.27472222222222226	1998
g	2003	1	4	13	21	34	10239a	0	4	0	3	-0.58	228.56	-26.77	84.95	0.4553	2452644.0566435186	685.6800000000002	-1.7399999999999998	0.3512777777777778	1998
g	2002	12	27	11	11	32	10239a	0	46	0	26	-16.88	339.06	-22.93	125.49	0.4555	2452635.9663425926	8815.56	-438.88	0.3726111111111111	1997
g	2002	12	26	11	11	32	10239a	0	8	0	5	-15.52	350.27	-24.89	119.79	0.4693	2452634.9663425926	1751.35	-77.6	0.3617222222222222	1997
g	2003	12	20	8	21	19	10520	25	211	20	162	2.9	8.0	49.93	275.08	0.7694	2452993.848136574	1296.0	469.8	0.7773888888888889	2011
g	2003	12	22	17	54	0	10520	3	35	8	114	3.41	7.53	81.03	273.74	0.9888	2452996.245833333	858.4200000000002	388.74	0.9501666666666668	2011
g	2003	12	21	10	8	21	10520	22	143	25	161	3.29	7.76	63.83	274.47	0.9006	2452994.9224652783	1249.36	529.69	0.8546111111111109	2011
g	2003	12	19	11	9	33	10520	17	289	11	185	2.74	8.8	39.07	276.09	0.6351	2452992.9649652783	1628.0000000000002	506.9	0.7170555555555556	2011
g	2003	12	17	10	9	26	10520	64	399	33	204	2.61	9.03	12.4	287.29	0.2256	2452990.9232175928	1842.12	532.4399999999998	0.5688888888888889	2010
g	2003	12	16	9	43	9	10520	34	379	17	192	2.21	9.33	-0.68	11.92	0.0577	2452989.9049652773	1791.36	424.32	0.4962222222222222	2010
g	2003	12	18	16	32	0	10520	44	298	25	169	2.68	8.82	28.88	277.94	0.4889	2452992.1888888893	1490.5800000000004	452.92	0.6604444444444444	2011
g	2003	12	14	13	20	37	10520	74	505	41	278	1.89	8.78	-25.61	84.03	0.4364	2452988.0559837963	2440.84	525.42	0.3577222222222222	2010
g	2003	12	13	10	9	7	10520	48	256	32	169	27.03	81.33	32.04	314.42	0.6639	2452986.922997685	13744.77	4568.0700000000015	0.6779999999999999	2010
g	2003	12	12	14	38	32	10520	33	193	27	156	2.41	8.06	-52.12	86.53	0.7924	2452986.1100925924	1257.36	375.96	0.21044444444444446	2010
g	2003	12	11	11	11	32	10520	19	127	25	163	2.35	8.05	-67.21	87.28	0.9239	2452984.9663425926	1312.15	383.05	0.12661111111111115	2010
g	2003	12	10	8	42	55	10520	6	38	20	124	2.13	8.11	-81.52	87.81	0.9898	2452983.863136574	1005.64	264.12	0.04711111111111113	2010
g	2003	12	15	9	54	26	10520	48	405	25	208	2.41	8.33	-14.77	77.21	0.2623	2452988.912800926	1732.64	501.28	0.4179444444444445	2010
g	2004	3	25	16	24	0	10584m	0	2	0	1	-16.8	103.79	-25.41	114.14	0.452	2453090.183333333	103.79	-16.8	0.3588333333333333	2014
g	2004	3	27	1	9	55	10584m	0	5	0	3	11.59	82.46	-28.73	57.43	0.561	2453091.548553241	247.38	34.77	0.34038888888888885	2014
g	2004	3	28	10	12	21	10584m	0	9	0	4	-15.91	108.39	15.36	237.23	0.3043	2453092.9252430554	433.56	-63.64	0.5853333333333334	2014
g	2005	9	18	0	38	0	10808a	0	7	0	4	10.76	168.08	-12.24	72.48	0.2195	2453631.5263888887	672.32	43.04	0.4320000000000001	2034
g	2005	9	19	15	6	0	10808a	0	6	0	3	12.57	168.05	8.88	302.71	0.1798	2453633.129166667	504.15	37.71	0.5493333333333333	2034
g	2005	9	17	9	43	17	10808a	0	4	0	2	11.83	168.22	-20.34	75.37	0.3532	2453630.9050578703	336.44	23.66	0.387	2034
g	2005	9	20	18	34	39	10808a	0	10	0	5	21.62	153.95	9.9	327.68	0.3003	2453634.2740625	769.75	108.1	0.555	2034
g	2005	9	15	9	24	8	10808a	0	3	0	2	12.46	166.79	-48.32	79.71	0.7433	2453628.891759259	333.58	24.92	0.23155555555555554	2034
g	2005	9	21	10	7	22	10808a	0	5	0	2	17.89	150.11	14.58	309.87	0.3292	2453634.9217824074	300.22	35.78	0.581	2034
g	2005	9	16	14	59	32	10808a	0	9	0	5	11.92	167.98	-30.88	78.74	0.5141	2453630.124675926	839.9	59.6	0.3284444444444445	2034
g	2005	9	22	12	40	51	10808a	0	1	0	0	23.16	152.36	31.46	301.51	0.565	2453636.028368056	0.0	0.0	0.6747777777777778	2034
g	2008	4	19	13	11	15	10991	0	6	0	3	-8.89	285.16	-32.43	98.38	0.5377	2454576.049479166	855.48	-26.67	0.31983333333333336	2069
g	2008	4	20	15	15	38	10991	0	1	0	1	-12.44	287.76	-15.46	116.66	0.2925	2454577.1358564813	287.76	-12.44	0.41411111111111104	2069
g	2008	4	21	10	14	42	10991	0	7	0	4	-7.77	280.22	-12.58	102.82	0.2223	2454577.926875	1120.88	-31.08	0.4301111111111111	2069
g	2008	4	25	10	53	41	10991	0	3	0	2	-2.43	277.99	38.38	271.99	0.623	2454581.9539467595	555.98	-4.86	0.7132222222222222	2069
g	2008	4	18	11	48	28	10991	0	6	0	4	-9.04	284.33	-47.23	97.43	0.7335	2454574.991990741	1137.32	-36.16	0.23761111111111116	2069
g	2009	9	21	13	44	29	11026m	0	2	0	1	-6.58	305.66	15.57	229.03	0.3547	2455096.0725578703	305.66	-6.58	0.5864999999999999	2088
g	2009	10	1	9	31	11	11026m	0	1	0	1	-29.2	196.91	36.48	222.5	0.7705	2455105.8966550925	196.91	-29.2	0.7026666666666667	2088
g	2009	10	3	14	39	59	11026m	0	4	0	8	-29.62	197.2	65.97	236.2	0.9568	2455108.111099537	1577.6	-236.96	0.8665	2088
g	2009	10	4	7	17	19	11026m	0	3	0	7	-29.8	196.95	74.87	238.19	0.9865	2455108.803692129	1378.65	-208.6	0.9159444444444444	2088
g	2009	12	16	9	35	31	11035m	0	9	0	5	20.0	224.03	-14.06	32.47	0.4271	2455181.8996643517	1120.15	100.0	0.4218888888888889	2091
g	2009	12	15	9	35	31	11035m	0	4	0	3	12.3	218.34	-32.92	66.91	0.5795	2455180.8996643517	655.02	36.90000000000001	0.3171111111111111	2091
g	2009	12	17	9	35	31	11035m	0	5	0	3	18.45	224.26	-0.65	1.83	0.3362	2455182.8996643517	672.78	55.35	0.4963888888888889	2091
g	2009	12	19	11	3	31	11035m	0	5	0	3	23.38	209.62	11.87	335.78	0.462	2455184.960775463	628.86	70.14	0.5659444444444445	2091
g	2010	12	11	17	0	31	11130n	0	3	0	2	-23.21	193.15	30.82	230.51	0.6125	2455542.2086921297	386.3	-46.42	0.6712222222222222	2104
g	2010	12	10	8	35	31	11130n	0	6	0	4	-28.16	179.04	-1.09	177.95	0.4701	2455540.857997685	716.16	-112.64	0.4939444444444444	2104
g	2010	12	9	14	24	31	11130n	0	14	0	8	-20.76	202.37	12.27	208.32	0.4084	2455540.1003587963	1618.96	-166.08	0.5681666666666666	2104
g	2010	12	7	23	59	31	11130n	0	6	0	4	-25.09	212.43	1.23	182.96	0.4274	2455538.499664352	849.72	-100.36	0.5068333333333334	2104
g	2012	3	2	14	0	2	11421o	0	3	0	1	-25.79	56.8	29.99	233.14	0.5671	2455989.083356481	56.8	-25.79	0.6666111111111109	2120
g	2012	2	25	12	10	41	11421o	0	6	0	3	-25.09	94.41	-12.43	147.81	0.3732	2455983.0074189813	283.23	-75.27	0.4309444444444444	2120
g	2012	2	26	12	18	2	11421o	0	14	0	6	-22.27	75.99	-17.59	138.49	0.3932	2455984.012523148	455.94	-133.62	0.4022777777777777	2120
g	2012	2	29	9	13	39	11421o	0	3	0	2	-26.63	74.55	18.8	219.19	0.4461	2455986.8844791665	149.1	-53.26	0.6044444444444445	2120
g	2013	1	19	0	21	0	11657m	0	3	0	1	-18.14	119.41	29.64	243.05	0.5293	2456311.514583333	119.41	-18.14	0.6646666666666666	2132
g	2013	1	16	9	47	57	11657m	0	9	0	4	-6.65	122.23	-1.87	136.9	0.0477	2456308.9082986107	488.92	-26.6	0.4896111111111111	2132
g	2013	1	20	1	12	0	11657m	0	1	0	1	-19.61	106.55	30.41	241.13	0.5466	2456312.55	106.55	-19.61	0.6689444444444445	2132
g	2013	1	13	9	49	38	11657m	0	5	0	3	-13.38	119.87	-43.72	104.73	0.6977	2456305.9094675924	359.61	-40.14	0.2571111111111111	2132
g	2013	8	11	8	35	38	11809q	0	2	0	2	6.37	217.33	-53.75	86.84	0.8049	2456515.858078704	434.66	12.74	0.2013888888888889	2140
g	2013	8	17	9	35	35	11809q	0	5	0	2	16.36	219.5	28.28	291.69	0.49200000000000005	2456521.899710648	439.0	32.72	0.6571111111111111	2140
g	2013	8	16	7	44	15	11809q	0	2	0	1	18.59	205.26	-0.2	0.91	0.2069	2456520.822395833	205.26	18.59	0.4988888888888889	2140
g	2014	5	5	6	5	2	12052m	0	10	0	5	-18.42	331.3	-20.25	128.08	0.4187	2456782.7534953705	1656.5	-92.1	0.3875	2150
g	2014	5	7	6	58	29	12052m	0	5	0	2	-16.64	331.94	7.32	208.26	0.259	2456784.790613426	663.88	-33.28	0.5406666666666666	2150
g	2014	5	9	7	36	27	12052m	0	4	0	2	-27.02	312.1	14.28	208.57	0.4614	2456786.816979166	624.2	-54.04	0.5793333333333334	2150
g	1978	7	25	8	22	30	1226a	0	3	0	1	22.72	41.11	11.78	328.54	0.3578	2443714.848958333	41.11	22.72	0.5654444444444444	1670
g	1978	7	29	7	59	55	1226a	0	3	0	2	28.52	18.4	41.76	305.3	0.7181	2443718.833275463	36.8	57.04	0.732	1671
g	1978	7	27	10	27	36	1226a	0	10	0	7	26.84	22.19	20.44	322.45	0.5058	2443716.935833333	155.33	187.88	0.6135555555555555	1670
g	1978	7	26	8	47	17	1226a	0	3	0	2	16.02	39.54	23.66	296.55	0.433	2443715.8661689814	79.08	32.04	0.6314444444444445	1670
g	2015	2	12	7	48	2	12280r	0	6	0	4	-10.57	250.44	35.89	261.18	0.5856	2457065.825023148	1001.76	-42.28	0.6993888888888888	2160
g	2015	2	14	11	38	34	12280r	0	4	0	3	-29.58	223.06	36.95	232.03	0.6656	2457067.985115741	669.1800000000002	-88.74	0.7052777777777778	2160
g	2015	2	13	10	18	7	12280r	0	4	0	3	-27.99	243.23	43.22	237.14	0.7222	2457066.929247685	729.6899999999998	-83.97	0.7401111111111109	2160
g	2015	2	11	7	18	34	12280r	0	11	0	5	-18.25	237.06	9.05	211.4	0.2871	2457064.8045601854	1185.3	-91.25	0.5502777777777778	2160
g	2015	2	10	11	32	9	12280r	0	8	0	5	-10.67	240.64	1.81	204.07	0.0789	2457063.9806597224	1203.1999999999996	-53.35	0.5100555555555556	2160
g	2015	2	8	12	7	29	12280r	0	7	0	4	-6.36	274.26	9.38	188.3	0.494	2457062.0051967595	1097.04	-25.44	0.5521111111111111	2160
g	2015	2	9	4	1	0	12280r	0	19	0	11	-12.06	269.47	13.34	210.47	0.3805	2457062.667361111	2964.17	-132.66	0.5741111111111111	2160
g	2015	2	6	10	36	0	12280r	0	52	0	26	-6.09	296.58	4.56	273.19	0.0797	2457059.941666667	7711.08	-158.34	0.5253333333333333	2160
g	2015	2	5	13	39	14	12280r	0	39	0	22	-16.58	283.91	-19.54	105.54	0.3691	2457059.0689120367	6246.02	-364.76	0.3914444444444445	2160
g	2015	2	4	10	29	12	12280r	0	2	0	1	-11.47	305.62	-12.79	113.41	0.2375	2457057.9369444447	305.62	-11.47	0.4289444444444445	2160
g	2015	2	3	7	55	32	12280r	0	2	0	1	-13.93	291.24	-41.75	104.05	0.6686	2457056.8302314817	291.24	-13.93	0.26805555555555555	2160
g	2015	2	2	13	1	50	12280r	2	10	1	6	-5.06	299.37	-43.98	90.25	0.6936	2457056.0429398147	1796.22	-30.36	0.2556666666666667	2160
g	2015	2	7	9	53	46	12280r	0	33	0	17	-12.88	291.48	12.22	235.82	0.2989	2457060.912337963	4955.16	-218.96	0.5678888888888889	2160
g	2015	3	10	15	23	58	12292s	0	4	0	2	-21.16	232.7	4.76	197.8	0.2544	2457092.1416435186	465.4	-42.32	0.5264444444444445	2161
g	2015	3	4	8	45	33	12292s	0	3	0	1	-6.56	296.92	-13.71	87.97	0.2366	2457085.8649652777	296.92	-6.56	0.4238333333333333	2161
g	2015	3	5	13	21	34	12292s	0	5	0	2	-18.04	273.24	-21.69	119.12	0.40399999999999997	2457087.0566435186	546.48	-36.08	0.3795	2161
g	2015	3	7	12	15	31	12292s	0	3	0	2	-19.11	295.54	26.32	242.52	0.4742	2457089.010775463	591.08	-38.22	0.6462222222222221	2161
g	2015	3	8	13	50	28	12292s	0	3	0	2	-21.35	231.59	-23.55	124.25	0.4521	2457090.076712963	463.18	-42.7	0.3691666666666667	2161
g	2015	3	9	13	7	56	12292s	0	29	0	16	-22.43	232.36	-9.99	148.2	0.3102	2457091.047175926	3717.76	-358.88	0.4445	2161
g	2015	3	17	9	30	0	12297o	0	4	0	2	-21.54	163.6	24.69	236.28	0.4691	2457098.895833333	327.2	-43.08	0.6371666666666667	2161
g	2015	3	16	8	20	22	12297o	0	4	0	2	-20.08	158.13	5.38	201.44	0.242	2457097.8474768517	316.26	-40.16	0.5298888888888889	2161
g	2015	3	14	15	6	53	12297o	0	15	0	8	-8.35	175.85	0.48	141.99	0.1715	2457096.1297800927	1406.8	-66.8	0.5026666666666667	2161
g	2015	3	26	0	39	0	12307p	0	54	0	27	-7.35	23.28	-1.84	105.42	0.0332	2457107.527083333	628.5600000000002	-198.45	0.4897777777777778	2161
g	2015	3	27	8	20	57	12307p	0	30	0	14	-7.55	17.74	10.05	272.28	0.1945	2457108.8478819444	248.36	-105.7	0.5558333333333333	2161
g	2015	3	28	7	39	45	12307p	0	9	0	5	-8.11	24.36	29.48	265.46	0.4907	2457109.819270833	121.8	-40.55	0.6637777777777778	2162
g	2015	3	25	0	22	0	12307p	0	43	0	23	-5.57	25.25	-13.21	85.37	0.2389	2457106.5152777783	580.75	-128.11	0.4266111111111111	2161
g	2015	3	24	9	4	53	12307p	0	7	0	3	-2.72	29.37	-17.49	70.8	0.3129	2457105.878391204	88.11	-8.16	0.4028333333333334	2161
g	2015	3	23	8	41	31	12307p	0	6	0	3	-15.13	26.44	-33.78	107.17	0.5717	2457104.862164352	79.32000000000002	-45.39	0.3123333333333333	2161
g	2015	3	22	15	1	30	12307p	0	2	0	1	-8.28	32.2	-37.8	94.53	0.6107	2457104.126041666	32.2	-8.28	0.29000000000000004	2161
g	2015	4	2	8	48	53	12310	0	5	0	4	17.21	335.12	46.82	297.84	0.79	2457114.867280093	1340.48	68.84	0.7601111111111111	2162
g	2015	3	24	9	4	53	12310	31	121	36	157	11.34	341.49	-65.37	74.73	0.9124	2457105.878391204	53613.93	1780.38	0.1368333333333333	2161
g	2015	3	25	0	22	0	12310	47	179	46	171	11.27	342.15	-56.31	72.44	0.8459	2457106.5152777783	58507.65	1927.17	0.18716666666666665	2161
g	2015	3	22	15	1	30	12310	0	3	0	5	5.9	355.16	-74.84	82.07	0.9704	2457104.126041666	1775.8000000000004	29.5	0.0842222222222222	2161
g	2015	3	26	0	39	0	12310	37	163	27	125	13.0	339.55	-45.57	66.4	0.7512	2457107.527083333	42443.75	1625.0	0.2468333333333333	2161
g	2015	3	27	8	20	57	12310	34	179	22	110	13.31	340.18	-27.52	51.91	0.552	2457108.8478819444	37419.8	1464.1	0.34711111111111115	2161
g	2015	3	23	8	41	31	12310	2	24	3	38	6.63	349.04	-71.18	80.7	0.9477	2457104.862164352	13263.52	251.94	0.10455555555555553	2161
g	2015	3	28	7	39	45	12310	12	87	7	49	14.82	336.84	-18.04	39.79	0.4711	2457109.819270833	16505.16	726.1800000000002	0.39977777777777773	2162
g	2015	3	29	9	7	7	12310	14	76	8	40	13.66	339.01	-1.87	5.26	0.3493	2457110.87994213	13560.4	546.4	0.4896111111111111	2162
g	2015	3	30	7	37	52	12310	8	46	5	25	13.79	336.03	7.51	339.86	0.3711	2457111.817962963	8400.75	344.75	0.5417222222222222	2162
g	2015	3	31	9	37	25	12310	0	20	0	11	13.0	337.78	23.54	310.85	0.5248	2457112.9009837965	3715.58	143.0	0.6307777777777778	2162
g	2015	4	4	6	28	18	12314m	0	7	0	5	-19.51	240.85	-22.4	123.12	0.4286	2457116.7696527783	1204.25	-97.55	0.3755555555555555	2162
g	2015	4	9	7	19	44	12314m	0	2	0	1	-34.59	231.1	34.36	223.32	0.6796	2457121.8053703704	231.1	-34.59	0.6908888888888889	2162
g	2015	4	7	11	5	47	12314m	0	2	0	1	-16.34	227.23	6.17	210.22	0.2057	2457119.962349537	227.23	-16.34	0.5342777777777777	2162
g	2015	4	3	12	4	14	12314m	0	11	0	6	-7.89	260.21	-13.1	98.25	0.2279	2457116.0029398147	1561.2599999999998	-47.34	0.4272222222222223	2162
g	2015	4	8	10	10	17	12314m	0	1	0	1	-24.99	229.0	20.65	224.12	0.461	2457120.92380787	229.0	-24.99	0.6147222222222223	2162
g	2015	4	1	14	56	9	12314m	0	14	0	8	-20.41	282.71	-15.41	157.96	0.3656	2457114.122326389	2261.68	-163.28	0.4143888888888889	2162
g	2015	3	30	7	37	52	12314m	0	12	0	7	-9.89	300.0	-28.52	96.71	0.4788	2457111.817962963	2100.0	-69.23	0.3415555555555556	2162
g	2015	4	2	8	48	53	12314m	0	7	0	3	-16.99	295.26	6.96	212.35	0.2176	2457114.867280093	885.78	-50.97	0.5386666666666666	2162
g	2015	4	25	6	11	53	12332m	0	3	0	1	-7.65	319.6	-26.48	88.46	0.433	2457137.7582523148	319.6	-7.65	0.3528888888888889	2163
g	2015	4	27	6	50	58	12332m	0	3	0	2	-4.32	328.91	9.61	271.19	0.1673	2457139.7853935184	657.82	-8.64	0.5533888888888889	2163
g	2015	4	28	10	58	43	12332m	0	6	0	4	-11.05	289.32	-14.5	125.31	0.3278	2457140.957442129	1157.28	-44.2	0.4194444444444445	2163
g	2015	5	2	6	15	10	12332m	0	3	0	2	-5.09	262.34	8.75	263.11	0.1534	2457144.760532408	524.68	-10.18	0.5486111111111112	2163
g	2015	5	6	6	7	45	12334m	0	5	0	4	-28.23	221.64	20.88	216.93	0.5278	2457148.7553819446	886.56	-112.92	0.616	2163
g	2015	5	7	6	7	10	12334m	0	3	0	2	-28.75	182.78	-4.74	170.33	0.4336	2457149.754976852	365.56	-57.5	0.4736666666666667	2163
g	2015	5	9	6	54	37	12334m	0	7	0	4	-29.5	182.56	21.96	216.22	0.5529999999999999	2457151.787928241	730.24	-118.0	0.622	2163
g	2015	5	10	8	24	42	12334m	0	2	0	1	-32.29	163.48	16.87	206.7	0.5479999999999999	2457152.850486111	163.48	-32.29	0.5937222222222223	2163
g	2015	6	22	6	37	20	12369p	0	3	0	2	18.35	327.19	28.57	302.41	0.5397	2457195.775925926	654.38	36.7	0.6587222222222222	2165
g	2015	6	20	12	16	47	12369p	0	8	0	4	6.68	315.99	-5.98	49.45	0.1367	2457194.0116550927	1263.96	26.72	0.4667777777777778	2165
g	2015	6	23	8	3	45	12369p	0	2	0	1	22.61	310.42	25.83	311.52	0.5393	2457196.8359375	310.42	22.61	0.6435	2165
g	2015	6	18	13	29	53	12369p	0	7	0	4	18.6	325.84	-21.97	49.99	0.465	2457192.0624189815	1303.36	74.4	0.3779444444444445	2165
g	2015	7	11	7	29	51	12388	0	8	0	4	14.37	23.04	-23.62	64.36	0.4333	2457214.812395833	92.16	57.48	0.36877777777777776	2165
g	2015	7	12	5	54	45	12388	0	25	0	13	17.71	22.62	-11.66	38.88	0.3079	2457215.746354167	294.06	230.23	0.43522222222222223	2165
g	2015	7	10	6	9	21	12388	0	10	0	7	16.51	23.02	-37.61	68.28	0.6322	2457213.7564930557	161.14	115.57	0.2910555555555556	2165
g	2015	7	13	1	10	0	12388	0	18	0	9	15.94	23.4	-0.28	1.29	0.2053	2457216.548611111	210.6	143.46	0.4984444444444444	2165
g	2015	7	14	7	18	22	12388	0	10	0	5	19.25	23.61	16.55	314.28	0.3773	2457217.8044212963	118.05	96.25	0.5919444444444444	2165
g	2015	7	15	6	7	56	12388	1	8	1	5	9.12	23.51	29.04	280.99	0.4906	2457218.755509259	117.55	45.6	0.6613333333333333	2166
g	2015	7	16	10	52	34	12388	12	47	9	35	10.43	23.96	45.33	280.24	0.7139	2457219.953171296	838.6	365.05	0.7518333333333332	2166
g	2015	7	17	6	14	30	12388	4	18	4	16	11.81	24.34	56.36	281.18	0.8331	2457220.7600694443	389.44	188.96	0.8131111111111112	2166
g	2015	7	18	6	12	7	12388	4	11	5	18	12.72	25.11	70.37	281.88	0.94	2457221.758414352	451.98	228.96	0.8909444444444444	2166
g	2015	8	4	6	8	40	12391m	0	15	0	8	17.68	119.94	30.11	294.44	0.527	2457238.7560185185	959.52	141.44	0.6672777777777777	2166
g	2015	8	3	8	28	45	12391m	0	24	0	14	17.06	126.78	25.01	300.66	0.4544	2457237.853298611	1774.92	238.84	0.6389444444444444	2166
g	2015	8	2	8	48	40	12391m	1	54	0	30	13.34	140.06	25.19	292.55	0.4462	2457236.867129629	4201.8	400.2	0.6399444444444444	2166
g	2015	8	1	7	22	48	12391m	0	32	0	16	15.79	135.91	7.03	325.87	0.2111	2457235.8075	2174.56	252.64	0.5390555555555555	2166
g	2015	7	31	12	13	36	12391m	0	50	0	27	18.26	131.22	-8.22	32.0	0.2573	2457235.0094444444	3542.94	493.02	0.4543333333333334	2166
g	2015	8	6	6	5	11	12391m	0	4	0	11	15.11	143.49	80.03	284.24	0.9819	2457240.753599537	1578.39	166.20999999999995	0.9446111111111112	2166
g	2015	7	29	7	0	0	12391m	0	33	0	19	14.72	137.17	-31.6	67.45	0.5329999999999999	2457232.791666666	2606.23	279.68	0.3244444444444444	2166
g	2015	7	28	15	11	4	12391m	0	22	0	12	12.97	151.29	-26.2	70.59	0.4505	2457232.1326851854	1815.48	155.64	0.35444444444444445	2166
g	2015	7	27	14	54	56	12391m	0	11	0	7	12.22	153.85	-37.02	75.49	0.5998	2457231.1214814815	1076.95	85.54	0.2943333333333333	2166
g	2015	7	30	12	3	47	12391m	0	36	0	20	12.11	143.37	-9.38	54.55	0.1967	2457234.002627315	2867.4	242.2	0.4478888888888889	2166
g	2015	8	30	6	3	4	12403w	0	5	0	2	16.28	120.45	14.11	304.75	0.2861	2457264.7521296297	240.9	32.56	0.5783888888888888	2167
g	2015	8	31	6	30	47	12403w	0	1	0	1	23.54	113.86	20.98	311.4	0.4394	2457265.771377315	113.86	23.54	0.6165555555555555	2167
g	2015	8	29	6	15	43	12403w	0	23	0	12	15.93	124.62	5.25	330.0	0.1773	2457263.760914352	1495.44	191.16	0.5291666666666667	2167
g	2015	8	28	6	44	20	12403w	0	9	0	5	16.61	145.1	12.72	308.95	0.27899999999999997	2457262.7807870368	725.5	83.05	0.5706666666666667	2167
g	2015	8	26	6	50	5	12403w	0	18	0	10	13.65	137.04	-21.68	68.17	0.3797	2457260.7847800925	1370.4	136.5	0.3795555555555555	2167
g	2015	8	25	6	23	44	12403w	0	30	0	16	14.97	155.42	-16.78	58.64	0.3121	2457259.766481481	2486.72	239.52	0.4067777777777778	2167
g	2015	8	27	6	42	54	12403w	0	26	0	13	14.85	145.29	-0.26	1.89	0.1352	2457261.7797916667	1888.77	193.05	0.4985555555555555	2167
g	2015	8	29	6	15	43	12406o	0	3	0	2	7.88	82.43	-36.94	86.38	0.5987	2457263.760914352	164.86	15.76	0.2947777777777778	2167
g	2015	9	1	11	13	51	12406o	0	7	0	3	18.36	74.88	-2.13	10.38	0.19699999999999998	2457266.967951389	224.64	55.08	0.4881666666666667	2167
g	2015	9	2	10	22	25	12406o	0	11	0	6	8.84	82.8	18.53	276.24	0.3174	2457267.9322337965	496.8	53.04	0.6029444444444445	2167
g	2015	9	4	14	3	30	12406o	0	4	0	2	14.02	55.39	19.56	291.09	0.3497	2457270.085763889	110.78	28.04	0.6086666666666667	2167
g	1978	8	15	15	43	33	1242	0	2	0	1	26.0	158.42	50.83	297.93	0.7909999999999999	2443736.1552430554	158.42	26.0	0.7823888888888888	1671
g	1978	8	11	10	43	44	1242	13	65	7	32	17.0	176.73	13.51	309.63	0.2918	2443731.947037037	5655.36	544.0	0.5750555555555555	1671
g	1978	8	8	10	10	20	1242	0	18	0	12	19.82	168.74	-34.49	64.66	0.5859	2443728.9238425926	2024.88	237.84	0.3083888888888889	1671
g	1978	8	7	11	45	44	1242	0	6	0	5	18.05	173.07	-42.47	70.24	0.6836	2443727.9900925932	865.3499999999998	90.25	0.26405555555555554	1671
g	1978	8	5	9	5	17	1242	0	6	0	11	18.43	168.93	-74.52	72.54	0.9597	2443725.8786689816	1858.23	202.73	0.08600000000000002	1671
g	1978	8	6	9	43	17	1242	1	8	1	7	18.04	171.0	-58.88	72.58	0.8526	2443726.9050578703	1197.0	126.28	0.17288888888888887	1671
g	1978	8	14	8	22	11	1242	0	9	0	7	20.21	169.29	44.39	293.05	0.7148	2443734.848738426	1185.03	141.47	0.7466111111111109	1671
g	1978	8	16	9	36	9	1242	0	2	0	2	26.81	164.52	66.76	296.39	0.9172	2443736.9001041665	329.04	53.62	0.8708888888888888	1671
g	1978	8	13	11	4	22	1242	4	33	2	23	18.12	172.07	35.46	294.44	0.6134	2443733.9613657407	3957.61	416.7600000000001	0.6970000000000001	1671
g	1978	8	10	10	24	10	1242	10	65	5	30	16.24	176.74	0.16	359.08	0.171	2443730.933449074	5302.200000000002	487.19999999999993	0.5008888888888888	1671
g	1978	8	9	10	32	46	1242	0	14	0	5	18.24	173.52	-16.25	51.58	0.3399	2443729.939421296	867.6	91.2	0.4097222222222222	1671
g	1978	8	12	9	49	11	1242	0	18	0	9	18.29	176.88	26.33	297.91	0.4821	2443732.9091550927	1591.92	164.61	0.6462777777777777	1671
g	2015	10	22	6	48	50	12434p	0	3	0	2	24.29	140.38	14.07	325.38	0.4105	2457317.783912037	280.76	48.58	0.5781666666666666	2169
g	2015	10	18	10	59	48	12434p	0	3	0	2	28.25	130.56	-46.24	57.14	0.7597	2457313.9581944444	261.12	56.5	0.2431111111111111	2169
g	2015	10	19	0	10	0	12434p	0	8	0	5	13.96	151.51	-18.05	63.05	0.3505	2457314.5069444445	757.55	69.80000000000001	0.3997222222222223	2169
g	2015	10	21	6	44	20	12434p	0	8	0	5	22.69	144.37	4.86	344.68	0.31	2457316.7807870368	721.85	113.45	0.527	2169
g	2015	11	16	8	37	32	12450o	0	7	0	5	-16.7	120.1	-35.57	120.32	0.6459999999999999	2457342.859398148	600.5	-83.5	0.3023888888888889	2170
g	2015	11	17	10	47	45	12450o	0	18	0	11	-18.26	116.37	-24.96	131.95	0.5329	2457343.949826389	1280.0700000000004	-200.86	0.3613333333333333	2170
g	2015	11	18	9	47	57	12450o	0	31	0	19	-20.27	108.94	-19.75	143.76	0.5037	2457344.9082986107	2069.86	-385.13	0.3902777777777778	2170
g	2015	11	20	9	32	35	12450o	0	36	0	19	-21.22	107.41	4.88	191.18	0.4593	2457346.897627315	2040.79	-403.18	0.5271111111111111	2170
g	2015	11	21	0	27	0	12450o	0	13	0	8	-20.55	108.73	14.44	207.89	0.4969	2457347.51875	869.84	-164.4	0.5802222222222222	2170
g	2015	11	22	12	25	16	12450o	0	8	0	5	-23.31	97.16	22.65	216.14	0.5848	2457349.017546296	485.8	-116.55	0.6258333333333334	2170
g	2015	11	23	9	4	36	12450o	0	4	0	2	-21.53	87.48	24.31	224.12	0.5523	2457349.8781944443	174.96	-43.06	0.6350555555555556	2170
g	2015	11	24	4	17	0	12450o	0	3	0	2	-22.97	88.26	35.63	232.37	0.6795	2457350.6784722223	176.52	-45.94	0.6979444444444444	2170
g	2015	11	19	7	28	7	12450o	0	13	0	7	-22.1	108.95	-7.83	169.97	0.4626	2457345.8111921297	762.65	-154.70000000000005	0.4565	2170
g	2015	12	17	9	56	50	12465s	0	3	0	1	11.16	100.62	-5.84	25.09	0.2363	2457373.9144675927	100.62	11.16	0.4675555555555556	2171
g	2015	12	18	8	45	33	12465s	0	5	0	4	14.76	130.91	37.01	295.01	0.6452	2457374.8649652777	523.64	59.04	0.7056111111111111	2171
g	2015	12	16	9	25	15	12465s	0	20	0	11	11.62	126.42	6.52	333.03	0.2454	2457372.8925347216	1390.62	127.82	0.5362222222222222	2171
g	2015	12	19	8	24	19	12465s	0	2	0	1	10.03	101.2	20.33	299.89	0.3963	2457375.8502199072	101.2	10.03	0.6129444444444444	2171
g	2015	12	13	8	59	29	12465s	0	8	0	5	10.97	130.07	-29.6	67.61	0.5269	2457369.8746412043	650.3499999999998	54.85	0.33555555555555555	2171
g	2015	12	15	8	4	59	12465s	0	19	0	10	12.95	124.9	-8.87	24.49	0.3163	2457371.836793981	1249.0	129.5	0.4507222222222222	2171
g	2015	12	14	8	7	29	12465s	0	16	0	8	12.53	130.03	-16.97	50.86	0.3692	2457370.8385300925	1040.24	100.24	0.4057222222222222	2171
g	2015	12	20	8	26	15	12468n	0	11	0	7	-29.38	83.01	15.31	201.12	0.627	2457376.8515625	581.07	-205.66	0.5850555555555556	2171
g	2015	12	19	8	24	19	12468n	0	10	0	7	-20.57	119.95	39.07	240.46	0.6802	2457375.8502199072	839.65	-143.99	0.7170555555555556	2171
g	2015	12	15	8	4	59	12468n	0	9	0	5	-20.63	121.01	-12.76	148.49	0.3983	2457371.836793981	605.0500000000002	-103.15	0.4291111111111111	2171
g	2015	12	16	9	25	15	12468n	0	11	0	6	-21.69	113.16	-6.74	163.34	0.3749	2457372.8925347216	678.96	-130.14	0.4625555555555556	2171
g	2015	12	17	9	56	50	12468n	0	2	0	1	-28.16	85.65	-20.8	145.49	0.5548	2457373.9144675927	85.65	-28.16	0.3844444444444445	2171
g	2015	12	21	9	58	30	12468n	0	6	0	3	-32.03	63.68	9.98	196.73	0.5366	2457377.915625	191.04	-96.09	0.5554444444444445	2171
g	2015	12	18	8	45	33	12468n	0	7	0	5	-20.24	123.61	29.71	234.82	0.5708	2457374.8649652777	618.05	-101.2	0.6650555555555556	2171
g	2015	12	24	9	49	12	12470m	0	4	0	2	7.51	32.58	18.29	297.24	0.3556	2457380.9091666667	65.16	15.02	0.6016111111111111	2171
g	2015	12	21	9	58	30	12470m	0	21	0	11	15.6	38.02	-15.68	41.71	0.40299999999999997	2457377.915625	418.22	171.6	0.4128888888888889	2171
g	2015	12	16	9	25	15	12470m	0	2	0	4	22.02	49.6	-70.3	66.45	0.9535	2457372.8925347216	198.4	88.08	0.10944444444444447	2171
g	2015	12	23	8	40	35	12470m	0	9	0	5	19.25	37.86	9.79	335.98	0.3962	2457379.861516204	189.3	96.25	0.5543888888888888	2171
g	2015	12	18	8	45	33	12470m	0	1	0	1	13.46	34.31	-59.59	73.81	0.8754	2457374.8649652777	34.31	13.46	0.16894444444444442	2171
g	2015	12	20	8	26	15	12470m	0	11	0	7	19.01	36.57	-31.12	53.97	0.598	2457376.8515625	255.99	133.07000000000002	0.3271111111111111	2171
g	1978	8	17	10	7	33	1248	0	3	0	2	16.09	110.49	26.23	293.25	0.4637	2443737.921909722	220.98	32.18	0.6457222222222222	1671
g	1978	8	16	9	36	9	1248	0	4	0	2	24.94	109.81	12.07	328.96	0.3694	2443736.9001041665	219.62	49.88	0.5670555555555555	1671
g	1978	8	11	10	43	44	1248	0	1	0	1	10.71	115.59	-47.64	81.37	0.7366	2443731.947037037	115.59	10.71	0.2353333333333333	1671
g	1978	8	13	11	4	22	1248	0	3	0	2	18.64	113.88	-22.71	59.42	0.4279	2443733.9613657407	227.76	37.28	0.3738333333333333	1671
g	1978	8	12	9	49	11	1248	0	1	0	1	9.57	115.59	-34.95	82.58	0.5719	2443732.9091550927	115.59	9.57	0.3058333333333333	1671
g	1978	8	15	15	43	33	1248	0	1	0	1	15.2	115.34	7.75	318.91	0.19899999999999998	2443736.1552430554	115.34	15.2	0.5430555555555555	1671
g	1978	9	6	12	18	15	1285m	0	6	0	4	26.82	149.84	-28.96	51.0	0.5588	2443758.0126736118	599.36	107.28	0.3391111111111111	1672
g	1978	9	1	10	8	12	1285m	0	1	0	1	14.78	181.17	-64.86	77.03	0.9	2443752.9223611117	181.17	14.78	0.13966666666666666	1672
g	1978	9	2	9	40	28	1285m	0	2	0	1	16.66	179.23	-53.87	74.58	0.8049	2443753.9031018517	179.23	16.66	0.20072222222222225	1672
g	1978	9	3	9	47	26	1285m	0	4	0	3	16.23	179.74	-40.1	73.38	0.6455	2443754.907939815	539.22	48.69	0.2772222222222222	1672
g	1978	9	4	11	1	20	1285m	0	7	0	3	18.07	180.1	-25.81	64.33	0.4629	2443755.959259259	540.3	54.21	0.3566111111111111	1672
g	1978	9	5	12	21	7	1285m	0	7	0	4	16.07	177.89	-14.09	57.03	0.2819	2443757.014664352	711.56	64.28	0.4217222222222222	1672
g	1978	9	7	2	16	0	1285m	0	7	0	4	24.05	146.69	-24.44	51.6	0.4841	2443758.5944444444	586.76	96.2	0.3642222222222222	1672
g	1978	9	8	10	33	15	1285m	0	6	0	4	26.04	151.12	-2.23	6.24	0.3242	2443759.9397569443	604.48	104.16	0.4876111111111111	1672
g	1978	9	24	11	28	1	1309	5	18	11	37	34.96	223.46	-78.17	55.64	0.9727	2443775.9777893517	8268.02	1293.52	0.06572222222222221	1673
g	1978	9	25	9	23	14	1309	6	32	8	42	35.11	222.41	-67.15	54.75	0.9244	2443776.8911342598	9341.22	1474.62	0.12694444444444442	1673
g	1978	9	26	8	26	34	1309	6	29	6	30	35.98	218.04	-58.86	52.16	0.8703	2443777.851782408	6541.2	1079.4	0.173	1673
g	1978	9	27	9	22	14	1309	14	79	11	67	36.91	213.23	-49.95	48.49	0.8101	2443778.890439815	14286.41	2472.97	0.2225	1673
g	1978	9	28	23	16	0	1309	54	232	38	163	38.39	206.11	-36.23	40.06	0.7134	2443780.4694444444	33595.93	6257.57	0.2987222222222222	1673
g	1978	9	29	12	43	23	1309	37	165	25	114	38.44	206.08	-28.87	34.49	0.6585	2443781.030127315	23493.120000000006	4382.16	0.3396111111111111	1673
g	1978	9	30	13	34	6	1309	11	80	7	51	38.35	204.46	-16.82	22.62	0.5799	2443782.0653472217	10427.46	1955.85	0.4065555555555556	1673
g	1978	10	1	9	7	56	1309	0	51	0	30	38.48	203.17	-7.36	10.84	0.537	2443782.880509259	6095.0999999999985	1154.4	0.4591111111111112	1673
g	1978	10	2	13	11	35	1309	0	39	0	26	38.64	201.96	6.86	350.0	0.5456	2443784.049710648	5250.96	1004.64	0.5381111111111111	1673
g	1978	10	3	10	32	1	1309	0	13	0	7	39.39	200.47	17.08	337.53	0.5961	2443784.9389004633	1403.29	275.73	0.5948888888888889	1673
g	1978	10	4	10	46	2	1309	0	21	0	13	38.59	201.36	31.31	323.42	0.6832	2443785.94863426	2617.6800000000007	501.67000000000013	0.6739444444444445	1673
g	1978	10	5	8	43	30	1309	0	7	0	6	42.14	192.92	34.94	324.64	0.7366	2443786.863541667	1157.52	252.84	0.6941111111111111	1673
g	1980	4	29	7	38	10	2405	0	5	0	2	-2.03	214.94	42.38	271.72	0.6766	2444358.8181712963	429.88	-4.06	0.7354444444444445	1694
g	1980	4	28	11	21	2	2405	0	7	0	4	8.67	216.63	32.93	291.82	0.5809	2444357.972939815	866.52	34.68	0.6829444444444445	1694
g	1980	4	27	8	33	41	2405	0	3	0	2	5.27	224.55	26.09	290.25	0.4686	2444356.856724537	449.1	10.54	0.6449444444444444	1694
g	1980	4	26	13	1	0	2405	0	15	0	7	5.21	217.5	8.28	321.35	0.2248	2444356.042361111	1522.5	36.47	0.546	1694
g	1980	4	25	12	30	27	2405	0	7	0	4	3.81	218.07	-4.66	32.55	0.1789	2444355.021145833	872.28	15.24	0.4741111111111112	1694
g	1980	4	24	14	11	24	2405	0	5	0	2	5.55	215.54	-19.47	60.97	0.3809	2444354.09125	431.08	11.1	0.39183333333333337	1694
g	1980	4	23	7	51	17	2405	0	10	0	6	3.35	219.79	-31.9	75.86	0.5442	2444352.8272800925	1318.74	20.1	0.3227777777777778	1694
g	1981	5	15	13	0	1	3115	0	1	0	1	25.44	134.37	-46.12	54.91	0.7977	2444740.0416782405	134.37	25.44	0.2437777777777778	1708
g	1981	5	19	13	18	0	3115	0	5	0	4	27.84	133.92	6.51	348.57	0.5121	2444744.0541666667	535.68	111.36	0.5361666666666667	1708
g	1981	5	20	11	6	58	3115	0	10	0	6	36.81	135.29	19.88	336.58	0.6831	2444744.9631712963	811.74	220.86	0.6104444444444445	1708
g	1981	5	21	5	27	11	3115	0	8	0	6	29.87	129.66	24.36	325.77	0.6367	2444745.7272106484	777.96	179.22	0.6353333333333333	1708
g	1981	6	12	12	31	28	3164	0	1	0	0	18.8	132.8	-37.48	61.44	0.657	2444768.021851852	0.0	0.0	0.2917777777777778	1709
g	1981	6	13	8	52	23	3164	0	9	0	6	19.64	134.39	-24.63	50.46	0.5103	2444768.869710648	806.3399999999998	117.84	0.3631666666666667	1709
g	1981	6	14	12	23	59	3164	0	9	0	4	20.62	125.32	-18.51	41.37	0.4515	2444770.0166550926	501.28	82.48	0.3971666666666666	1709
g	1981	6	15	14	59	59	3164	0	7	0	4	19.11	134.41	5.24	344.5	0.3229	2444771.124988426	537.64	76.44	0.5291111111111111	1709
g	1981	6	16	10	21	0	3164	0	13	0	6	15.03	122.04	3.52	346.07	0.2461	2444771.93125	732.24	90.18	0.5195555555555555	1709
g	1981	6	19	10	0	31	3164	0	1	0	1	25.78	125.76	46.78	302.49	0.7802	2444774.917025463	125.76	25.78	0.7598888888888891	1709
g	1981	9	26	6	17	51	3358	0	11	0	8	11.06	227.3	15.09	288.71	0.2732	2444873.762395833	1818.4	88.48	0.5838333333333333	1713
g	1981	9	25	9	24	2	3358	0	4	0	3	14.13	226.5	2.79	339.26	0.1341	2444872.891689814	679.5	42.39	0.5155000000000001	1713
g	1981	9	27	12	26	10	3358	0	10	0	4	21.78	225.99	30.36	300.33	0.5464	2444875.0181712965	903.96	87.12	0.6686666666666666	1713
g	1981	9	24	6	42	50	3358	0	5	0	3	16.12	225.5	-12.88	50.2	0.2715	2444871.77974537	676.5	48.36	0.4284444444444445	1713
g	1981	9	22	6	5	16	3358	8	30	5	18	20.04	228.11	-37.0	66.39	0.6192	2444869.753657408	4105.980000000001	360.72	0.29444444444444445	1713
g	1981	10	17	7	26	2	3408	0	3	0	1	20.14	267.82	-26.69	57.83	0.4958	2444894.8097453704	267.82	20.14	0.3517222222222222	1714
g	1981	10	18	12	46	42	3408	0	5	0	2	11.52	260.89	-17.51	69.94	0.3153	2444896.032430556	521.78	23.04	0.4027222222222222	1714
g	1981	10	19	10	23	4	3408	0	8	0	4	14.34	260.85	-5.62	32.27	0.1832	2444896.932685185	1043.4	57.36	0.4687777777777778	1714
g	1981	10	21	13	16	39	3408	0	1	0	1	14.68	260.68	22.14	294.87	0.4036	2444899.0532291667	260.68	14.68	0.623	1714
g	1981	10	22	6	21	57	3408	0	6	0	2	17.13	258.25	29.08	295.24	0.5152	2444899.7652430558	516.5	34.26	0.6615555555555556	1714
g	1981	10	23	9	28	57	3408	0	3	0	2	22.31	260.17	45.86	295.73	0.7393	2444900.895104166	520.34	44.62	0.7547777777777779	1714
g	1989	2	11	13	15	33	5351	0	5	0	3	32.73	307.05	26.57	329.07	0.7377	2447569.0524652777	921.15	98.19	0.6476111111111109	1812
g	1989	2	10	8	20	30	5351	0	2	0	1	35.43	296.7	0.43	359.48	0.6698	2447567.847569444	296.7	35.43	0.5023888888888889	1812
g	1989	2	9	8	49	5	5351	0	9	0	7	34.3	303.72	-5.52	6.98	0.6588	2447566.8674189816	2126.04	240.1	0.4693333333333334	1812
g	1989	2	4	5	44	0	5351	0	5	0	7	29.89	318.63	-58.11	53.47	0.9178	2447561.738888889	2230.41	209.23	0.17716666666666667	1811
g	1989	2	6	5	47	0	5351	0	5	0	3	29.59	318.03	-32.39	39.14	0.7404	2447563.7409722223	954.09	88.77	0.32005555555555554	1812
g	1989	2	5	5	48	0	5351	0	3	0	3	29.51	318.65	-44.91	47.78	0.8318	2447562.7416666667	955.95	88.53	0.2505	1811
g	1989	2	3	7	41	0	5351	0	1	0	3	30.26	319.26	-69.56	56.6	0.9705	2447560.820138889	957.78	90.78	0.11355555555555555	1811
g	1989	2	8	6	59	0	5351	0	2	0	2	39.54	290.73	-32.66	30.52	0.8219	2447565.7909722216	581.46	79.08	0.3185555555555556	1812
g	1989	9	24	7	7	23	5705	5	13	10	24	21.72	266.71	75.42	290.67	0.9616	2447793.7967939815	6401.039999999999	521.28	0.919	1820
g	1989	9	23	8	4	57	5705	9	27	10	27	21.5	264.77	60.81	290.8	0.8705	2447792.836770833	7148.789999999999	580.5	0.8378333333333333	1820
g	1989	9	20	7	15	21	5705	0	4	0	2	32.41	262.22	18.21	328.64	0.5089	2447789.8023263887	524.44	64.82	0.6011666666666667	1820
g	1989	9	19	15	39	6	5705	0	1	0	1	32.52	261.23	8.66	343.56	0.4504	2447789.1521527776	261.23	32.52	0.5481111111111111	1820
g	1989	9	21	6	46	37	5705	0	2	0	1	32.54	259.45	28.38	317.82	0.5991	2447790.782372685	259.45	32.54	0.6576666666666666	1820
g	1990	9	3	6	28	13	6249	4	15	11	39	14.71	252.1	-79.25	76.43	0.9782	2448137.7695949073	9831.9	573.69	0.05972222222222224	1833
g	1990	9	4	15	20	32	6249	4	13	5	15	15.35	251.07	-62.21	76.44	0.8793	2448139.139259259	3766.05	230.25	0.15438888888888888	1833
g	1990	9	5	12	54	43	6249	0	5	0	5	17.1	247.83	-53.57	74.07	0.8011	2448140.0379976854	1239.15	85.5	0.2023888888888889	1833
g	1990	9	6	15	41	45	6249	13	32	10	23	15.48	250.3	-36.34	73.8	0.5964	2448141.153993056	5756.9000000000015	356.04	0.2981111111111111	1833
g	1990	9	7	6	59	42	6249	3	25	1	16	15.63	249.85	-28.39	70.81	0.4863	2448141.791458333	3997.6	250.08	0.3422777777777778	1833
g	1990	9	10	8	13	28	6249	0	3	0	2	18.67	253.24	15.27	308.87	0.3234	2448144.8426851854	506.48	37.34	0.5848333333333333	1833
g	1990	9	11	10	25	23	6249	0	4	0	3	23.29	255.62	32.09	301.08	0.5720000000000001	2448145.9342939816	766.86	69.87	0.6782777777777778	1833
g	1990	9	9	5	58	28	6249	0	1	0	1	25.68	252.36	0.0	0.0	0.3176	2448143.7489351854	252.36	25.68	0.5	1833
g	1990	10	24	6	35	49	6333	0	15	0	9	26.07	9.23	-8.97	20.88	0.3884	2448188.7748726853	83.07000000000002	234.63	0.45016666666666666	1834
g	1990	11	2	10	29	6	6333	0	3	0	13	21.61	340.92	83.51	291.26	0.9918	2448197.936875	4431.96	280.93	0.9639444444444444	1835
g	1990	10	27	9	32	34	6333	0	2	0	2	25.23	3.42	26.41	311.54	0.5397	2448191.8976157405	6.84	50.46	0.6467222222222222	1835
g	1990	10	25	12	50	51	6333	0	4	0	3	27.92	19.04	17.42	326.09	0.4776	2448190.0353125	57.12	83.76	0.5967777777777777	1834
g	1990	10	23	13	23	25	6333	0	3	0	2	24.37	357.68	-29.98	53.28	0.5701	2448188.057928241	715.36	48.74	0.33344444444444443	1834
g	1990	10	21	13	15	41	6333	1	7	2	8	24.21	357.72	-56.42	64.58	0.8435	2448186.0525578703	2861.76	193.68	0.1865555555555556	1834
g	1990	10	20	10	32	40	6333	4	8	8	14	24.15	357.68	-71.13	66.28	0.9445	2448184.939351852	5007.52	338.1	0.10483333333333336	1834
g	1990	10	19	13	2	19	6333	0	2	0	9	24.28	358.04	-82.58	66.24	0.9883	2448184.043275463	3222.36	218.52	0.04122222222222223	1834
g	1990	10	22	6	50	3	6333	5	15	4	13	23.56	357.57	-46.92	63.07	0.7534	2448186.7847569445	4648.41	306.28	0.2393333333333333	1834
g	1990	12	28	5	42	0	6430	0	13	0	10	-11.41	201.66	-40.35	104.52	0.6578	2448253.7375	2016.6	-114.1	0.2758333333333333	1837
g	1990	12	29	5	37	30	6430	10	44	6	28	-12.61	204.56	-24.33	114.0	0.4431	2448254.734375	5727.68	-353.08	0.3648333333333333	1837
g	1990	12	30	11	51	34	6430	0	3	0	3	-15.19	204.06	-8.22	147.18	0.2591	2448255.9941435186	612.1800000000002	-45.57	0.4543333333333334	1837
g	1990	12	31	10	17	27	6430	0	11	0	7	-18.22	214.33	14.34	221.36	0.3578	2448256.92877976	1500.3100000000004	-127.54	0.5796666666666667	1837
g	1991	1	2	13	11	3	6430	0	4	0	4	-7.47	204.89	32.82	261.14	0.5461	2448259.049340278	819.56	-29.88	0.6823333333333333	1837
g	1991	1	3	10	17	49	6430	3	33	3	26	-7.08	203.4	42.93	263.1	0.6829999999999999	2448259.929039352	5288.4000000000015	-184.08	0.7385	1837
g	1991	1	4	7	40	50	6430	0	18	0	17	-6.76	204.51	55.82	264.09	0.8276	2448260.8200231483	3476.67	-114.92	0.8101111111111111	1837
g	1991	1	5	12	10	46	6430	20	155	35	247	-7.49	204.06	70.98	263.28	0.9446	2448262.007476852	50402.82	-1850.03	0.8943333333333334	1837
g	1991	1	6	8	44	45	6430	13	85	41	270	-7.78	202.36	80.55	262.72	0.9861	2448262.8644097224	54637.2	-2100.6	0.9475	1837
g	1991	6	30	5	49	46	6708	0	11	0	7	34.52	329.42	-4.32	6.67	0.5327	2448437.7428935184	2305.94	241.64	0.476	1844
g	1991	7	1	16	2	14	6708	0	8	0	6	23.79	324.94	10.04	336.15	0.3944	2448439.1682175924	1949.64	142.74	0.5557777777777777	1844
g	1991	6	29	5	37	32	6708	0	5	0	4	-29.54	310.13	-36.98	135.09	0.7441	2448436.734398148	1240.52	-118.16	0.2945555555555556	1844
g	1992	5	14	7	26	37	7163c	0	5	0	2	16.18	59.48	-24.57	51.3	0.5133	2448756.810150463	118.96	32.36	0.3635000000000001	1855
g	1992	5	15	6	55	50	7163c	0	1	0	1	8.38	63.8	-7.32	33.58	0.22899999999999998	2448757.7887731483	63.8	8.38	0.4593333333333334	1855
g	1992	5	12	7	13	50	7163c	0	2	0	1	5.32	67.98	-42.68	79.14	0.6896	2448754.801273148	67.98	5.32	0.2628888888888889	1855
g	1992	5	13	6	43	58	7163c	0	2	0	1	7.75	62.48	-35.21	73.02	0.5996	2448755.780532408	62.48	7.75	0.3043888888888889	1855
g	1998	5	19	14	3	0	8224m	0	5	0	4	-24.68	234.17	-21.57	139.11	0.5125	2450953.0854166667	936.68	-98.72	0.3801666666666667	1936
g	1998	5	25	8	59	34	8224m	0	17	0	10	-25.23	206.34	27.18	225.25	0.5894	2450958.874699074	2063.4	-252.3	0.6509999999999999	1936
g	1998	5	23	14	19	26	8224m	0	6	0	3	-26.46	204.03	1.37	183.65	0.4237	2450957.0968287042	612.09	-79.38	0.5076111111111111	1936
g	1998	5	22	10	51	10	8224m	0	3	0	3	-25.38	216.31	-1.49	176.69	0.4448	2450955.952199074	648.9300000000002	-76.14	0.4917222222222222	1936
g	1998	5	20	10	54	24	8224m	0	3	0	2	-23.67	234.31	-9.96	156.88	0.4036	2450953.9544444443	468.62	-47.34	0.4446666666666666	1936
g	1998	11	2	10	49	37	8369m	0	1	0	1	23.85	198.67	-11.67	28.77	0.3861	2451119.9511226853	198.67	23.85	0.43516666666666665	1942
g	1998	11	1	12	59	34	8369m	0	4	0	2	14.21	209.15	-13.03	51.51	0.2805	2451119.041365741	418.3	28.42	0.4276111111111111	1942
g	1998	10	31	9	37	34	8369m	0	3	0	1	13.16	218.62	-18.77	63.63	0.3512	2451117.901087963	218.62	13.16	0.3957222222222223	1942
g	1999	1	10	17	11	0	8426m	0	1	0	1	-14.82	54.22	36.59	250.85	0.6123	2451189.2159722224	54.22	-14.82	0.7032777777777778	1944
g	1999	1	7	12	43	18	8426m	0	3	0	2	-19.3	60.9	1.33	184.67	0.2705	2451186.0300694443	121.8	-38.6	0.5073888888888889	1944
g	1998	12	31	10	30	58	8426m	0	3	0	3	14.47	101.64	-51.41	69.67	0.8094	2451178.938166225	304.92	43.41	0.2143888888888889	1944
g	2000	2	10	11	1	36	8853	0	17	0	10	-23.63	222.82	27.56	234.11	0.5291	2451584.9594444446	2228.2	-236.3	0.6531111111111111	1959
g	2000	2	1	12	7	55	8853	1	10	1	13	-10.68	244.38	-68.79	99.15	0.9273	2451576.005497685	3176.94	-138.84	0.1178333333333333	1959
g	2000	2	2	8	15	45	8853	0	18	0	15	-13.19	249.46	-52.7	102.22	0.7878	2451576.8442708333	3741.9	-197.85	0.2072222222222222	1959
g	2000	2	3	12	21	6	8853	0	22	0	14	-13.7	246.33	-40.31	104.23	0.6475	2451578.014652778	3448.620000000001	-191.8	0.27605555555555555	1959
g	2000	2	4	12	58	22	8853	1	41	0	23	-13.44	247.27	-25.94	109.03	0.4478	2451579.0405324074	5687.21	-309.12	0.3558888888888889	1959
g	2000	2	5	16	25	32	8853	0	71	0	39	-13.37	242.78	-15.37	117.47	0.2941	2451580.184398148	9468.42	-521.43	0.4146111111111111	1959
g	2000	2	6	11	11	32	8853	0	153	0	78	-16.91	240.68	-7.16	158.24	0.2613	2451580.9663425926	18773.04	-1318.98	0.4602222222222223	1959
g	2000	2	7	8	3	2	8853	2	55	1	26	-15.16	242.98	6.56	206.66	0.2159	2451581.8354398147	6317.48	-394.16	0.5364444444444445	1959
g	2000	2	8	11	58	56	8853	0	28	0	17	-14.53	245.58	24.53	249.82	0.4302	2451582.999259259	4174.8600000000015	-247.01	0.6362777777777778	1959
g	2000	2	9	8	51	32	8853	0	42	0	22	-23.08	224.82	15.23	215.1	0.4121	2451583.86912037	4946.04	-507.76	0.5846111111111111	1959
g	2000	1	31	11	58	32	8853	0	9	0	35	-10.27	242.69	-83.78	99.65	0.9928	2451574.9989814814	8494.15	-359.45	0.03455555555555555	1959
g	2000	9	18	7	34	11	9159	0	4	0	11	-14.73	234.45	76.96	253.46	0.9825	2451805.8154050927	2578.95	-162.03	0.9275555555555556	1967
g	2000	9	17	13	21	52	9159	5	42	7	57	-14.24	233.56	66.06	251.68	0.9343	2451805.0568518518	13312.92	-811.6800000000002	0.867	1967
g	2000	9	16	6	57	10	9159	15	80	12	63	-14.72	231.07	46.82	244.57	0.7829	2451803.789699074	14557.41	-927.36	0.7601111111111111	1967
g	2000	9	15	12	36	5	9159	0	18	0	12	-14.99	229.56	35.2	237.41	0.6631	2451803.0250578704	2754.7200000000007	-179.88	0.6955555555555556	1967
g	2000	9	14	13	39	54	9159	0	20	0	12	-15.37	237.36	30.37	230.51	0.6149	2451802.069375	2848.32	-184.44	0.6687222222222222	1967
g	2000	9	13	13	4	14	9159	1	54	1	32	-15.53	239.47	18.98	216.72	0.512	2451801.0446064817	7663.04	-496.96	0.6054444444444445	1967
g	2000	9	11	6	35	25	9159	2	99	1	52	-14.23	239.71	-10.76	157.36	0.4235	2451798.7745949067	12464.92	-739.96	0.4402222222222222	1967
g	2000	9	10	6	11	8	9159	2	69	1	44	-14.75	241.2	-22.7	140.68	0.5366	2451797.7577314815	10612.8	-649.0	0.3738888888888889	1967
g	2000	9	9	6	41	11	9159	0	45	0	32	-13.14	242.48	-34.34	123.13	0.6358	2451796.778599537	7759.36	-420.48	0.3092222222222222	1967
g	2000	9	8	6	51	40	9159	0	6	0	4	-9.53	253.16	-36.77	114.95	0.6497	2451795.7858796297	1012.64	-38.12	0.2957222222222222	1967
g	2000	9	7	6	4	36	9159	0	10	0	9	-10.66	251.28	-52.29	108.86	0.8179	2451794.7531944443	2261.52	-95.94	0.2095	1967
g	2000	9	6	8	38	34	9159	0	1	0	1	-11.74	260.1	-55.24	108.71	0.8512	2451793.860115741	260.1	-11.74	0.1931111111111111	1967
g	2000	9	12	14	20	37	9159	12	124	5	69	-15.27	237.8	4.8	192.39	0.4098	2451800.0976504628	16408.2	-1053.63	0.5266666666666666	1967
g	2001	12	6	17	53	0	9720	28	194	18	117	-24.85	76.14	23.71	220.92	0.5655	2452250.2451388887	8908.38	-2907.4500000000007	0.6317222222222223	1983
g	2001	12	10	10	17	10	9720	0	9	0	12	-29.9	69.45	65.54	237.79	0.9333	2452253.9285879633	833.4000000000002	-358.7999999999999	0.8641111111111113	1983
g	2001	12	9	13	25	26	9720	3	21	3	26	-26.34	78.75	63.38	241.1	0.9167	2452253.059328704	2047.5	-684.84	0.8521111111111109	1983
g	2001	12	8	13	11	23	9720	22	157	18	130	-27.74	75.55	46.87	234.17	0.7984	2452252.049571759	9821.5	-3606.2	0.7603888888888889	1983
g	2001	12	7	12	44	9	9720	21	155	14	104	-27.17	75.19	33.1	226.63	0.6715	2452251.0306597217	7819.76	-2825.6800000000007	0.6838888888888889	1983
g	2001	12	5	10	7	12	9720	22	215	13	115	-20.18	79.11	9.23	203.13	0.38799999999999996	2452248.921666667	9097.65	-2320.7	0.5512777777777778	1983
g	2001	12	1	10	18	58	9720	30	186	20	124	-17.69	84.01	-38.47	118.11	0.6733	2452244.929837963	10417.24	-2193.56	0.2862777777777778	1983
g	2001	12	3	10	50	12	9720	28	192	16	104	-18.84	85.43	-10.41	153.05	0.3817	2452246.9515277776	8884.720000000001	-1959.36	0.4421666666666667	1983
g	2001	12	2	9	10	38	9720	12	196	7	118	-17.44	83.39	-26.52	126.5	0.5306	2452245.8823842597	9840.02	-2057.92	0.3526666666666667	1983
g	2001	11	30	9	35	32	9720	32	226	27	194	-17.65	83.66	-52.63	112.52	0.8199	2452243.8996759257	16230.04	-3424.1	0.2076111111111111	1983
g	2001	11	29	12	48	28	9720	10	154	12	187	-17.63	83.35	-64.11	109.96	0.9122	2452243.0336574074	15586.45	-3296.81	0.14383333333333334	1983
g	2001	11	28	11	28	11	9720	5	41	9	98	-17.59	84.61	-76.77	108.3	0.9777	2452241.9779050928	8291.78	-1723.82	0.07350000000000002	1983
g	2001	12	4	9	56	41	9720	14	155	7	84	-19.19	79.16	-3.99	171.15	0.3639	2452247.914363426	6649.44	-1611.96	0.4778333333333334	1983
g	2001	12	17	11	32	49	9737m	0	6	0	3	-18.77	274.54	3.52	190.23	0.3133	2452260.981122685	823.6200000000001	-56.31	0.5195555555555555	1984
g	2001	12	15	10	15	30	9737m	0	21	0	12	-19.25	279.35	-18.68	138.72	0.4593	2452258.927430556	3352.2000000000007	-231.0	0.3962222222222222	1984
g	2001	12	16	11	22	30	9737m	1	47	0	25	-18.03	282.37	-1.89	171.53	0.3252	2452259.973958333	7059.25	-450.75	0.4895	1984
g	2001	12	13	15	59	32	9737m	0	23	0	14	-17.28	294.17	-27.3	131.23	0.5229	2452257.1663425933	4118.38	-241.92	0.3483333333333333	1984
g	2001	12	12	11	11	32	9737m	0	9	0	5	-21.5	313.59	-23.69	133.69	0.5192	2452255.9663425926	1567.9499999999996	-107.5	0.3683888888888889	1984
g	2001	12	11	15	2	32	9737m	0	5	0	4	-19.38	299.25	-49.1	114.58	0.7864	2452255.126759259	1197.0	-77.52	0.2272222222222222	1984
g	2001	12	14	11	47	4	9737m	0	7	0	4	-22.9	289.17	-21.17	141.46	0.5142	2452257.9910185183	1156.68	-91.6	0.3823888888888889	1984
g	2002	1	28	9	23	53	9804	0	6	0	3	-18.82	44.6	-34.44	114.4	0.5901	2452302.891585648	133.8	-56.46	0.3086666666666667	1985
g	2002	1	29	10	5	44	9804	2	57	1	37	-17.82	35.91	-29.58	116.37	0.5203	2452303.9206481483	1328.6699999999996	-659.34	0.3356666666666667	1985
g	2002	1	30	12	46	6	9804	0	63	0	36	-21.32	28.12	-22.74	130.46	0.4554	2452305.032013889	1012.32	-767.52	0.3736666666666667	1985
g	2002	1	31	11	11	32	9804	0	89	0	55	-22.25	25.05	-13.36	155.09	0.3991	2452305.9663425926	1377.75	-1223.75	0.42577777777777776	1985
g	2002	2	1	9	32	49	9804	0	20	0	10	-20.33	28.78	2.47	191.74	0.3029	2452306.897789352	287.8	-203.3	0.5137222222222222	1985
g	2002	2	2	12	57	41	9804	0	107	0	59	-21.25	22.53	11.25	212.65	0.3715	2452308.04005787	1329.27	-1253.75	0.5625	1985
g	2002	2	3	10	0	35	9804	2	73	1	43	-20.84	19.94	20.23	226.15	0.4447	2452308.9170717592	857.4200000000002	-896.12	0.6123888888888889	1985
g	2002	2	4	12	32	13	9804	0	34	0	19	-25.99	8.0	22.82	224.86	0.4992	2452310.0223726854	152.0	-493.81	0.6267777777777778	1986
g	2002	2	5	9	4	37	9804	0	6	0	4	-23.52	7.98	34.08	238.62	0.6041	2452310.8782060184	31.92	-94.08	0.6893333333333334	1986
