DataType	YYYY	MM	DD	HH	mm	ss	NOAA	UmbraArea	WholeSpotArea	CorrectedUmbraArea	CorrectedWholeSpotArea	Latitude	Longitude	LongitudinalDistance	PositionAngle	DistanceFromCentre	JulianDay	Longitude*Area	Latitude*Area	PositionOnDisk	CarringtonRotation
g	1981	10	17	7	26	2	3408	0	3	0	1	20.14	267.82	-26.69	57.83	0.4958	2444894.8097453704	267.82	20.14	0.3517222222222222	1714
g	1981	10	19	10	23	4	3408	0	8	0	4	14.34	260.85	-5.62	32.27	0.1832	2444896.932685185	1043.4	57.36	0.4687777777777778	1714
g	1981	10	21	13	16	39	3408	0	1	0	1	14.68	260.68	22.14	294.87	0.4036	2444899.0532291667	260.68	14.68	0.623	1714
g	1981	10	22	6	21	57	3408	0	6	0	2	17.13	258.25	29.08	295.24	0.5152	2444899.7652430558	516.5	34.26	0.6615555555555556	1714
g	1981	10	23	9	28	57	3408	0	3	0	2	22.31	260.17	45.86	295.73	0.7393	2444900.895104166	520.34	44.62	0.7547777777777779	1714
g	2013	8	16	7	44	15	11809q	0	2	0	1	18.59	205.26	-0.2	0.91	0.2069	2456520.822395833	205.26	18.59	0.4988888888888889	2140
g	2013	8	17	9	35	35	11809q	0	5	0	2	16.36	219.5	28.28	291.69	0.4920000000000001	2456521.899710648	439.0	32.72	0.6571111111111111	2140
g	2002	1	28	9	23	53	9804	0	6	0	3	-18.82	44.6	-34.44	114.4	0.5901	2452302.891585648	133.8	-56.46	0.3086666666666667	1985
g	2002	1	29	10	5	44	9804	2	57	1	37	-17.82	35.91	-29.58	116.37	0.5203	2452303.9206481483	1328.6699999999996	-659.34	0.3356666666666667	1985
g	2002	1	30	12	46	6	9804	0	63	0	36	-21.32	28.12	-22.74	130.46	0.4554	2452305.032013889	1012.32	-767.52	0.3736666666666667	1985
g	2002	1	31	11	11	32	9804	0	89	0	55	-22.25	25.05	-13.36	155.09	0.3991	2452305.9663425926	1377.75	-1223.75	0.42577777777777776	1985
g	2002	2	1	9	32	49	9804	0	20	0	10	-20.33	28.78	2.47	191.74	0.3029	2452306.897789352	287.8	-203.3	0.5137222222222222	1985
g	2002	2	2	12	57	41	9804	0	107	0	59	-21.25	22.53	11.25	212.65	0.3715	2452308.04005787	1329.27	-1253.75	0.5625	1985
g	2002	2	3	10	0	35	9804	2	73	1	43	-20.84	19.94	20.23	226.15	0.4447	2452308.9170717592	857.4200000000003	-896.12	0.6123888888888889	1985
g	2005	9	15	9	24	8	10808a	0	3	0	2	12.46	166.79	-48.32	79.71	0.7433	2453628.891759259	333.58	24.92	0.23155555555555554	2034
g	2005	9	16	14	59	32	10808a	0	9	0	5	11.92	167.98	-30.88	78.74	0.5141	2453630.124675926	839.9	59.6	0.3284444444444445	2034
g	2005	9	17	9	43	17	10808a	0	4	0	2	11.83	168.22	-20.34	75.37	0.3532	2453630.9050578703	336.44	23.66	0.387	2034
g	2005	9	18	0	38	0	10808a	0	7	0	4	10.76	168.08	-12.24	72.48	0.2195	2453631.5263888887	672.32	43.04	0.4320000000000001	2034
g	2005	9	19	15	6	0	10808a	0	6	0	3	12.57	168.05	8.88	302.71	0.1798	2453633.129166667	504.15	37.71	0.5493333333333333	2034
g	2005	9	21	10	7	22	10808a	0	5	0	2	17.89	150.11	14.58	309.87	0.3292	2453634.9217824074	300.22	35.78	0.581	2034
g	2015	7	10	6	9	21	12388	0	10	0	7	16.51	23.02	-37.61	68.28	0.6322	2457213.7564930557	161.14	115.57	0.2910555555555556	2165
g	2015	7	11	7	29	51	12388	0	8	0	4	14.37	23.04	-23.62	64.36	0.4333	2457214.812395833	92.16	57.48	0.36877777777777776	2165
g	2015	7	12	5	54	45	12388	0	25	0	13	17.71	22.62	-11.66	38.88	0.3079	2457215.746354167	294.06	230.23	0.43522222222222223	2165
g	2015	7	13	1	10	0	12388	0	18	0	9	15.94	23.4	-0.28	1.29	0.2053	2457216.548611111	210.6	143.46	0.4984444444444444	2165
g	2015	7	14	7	18	22	12388	0	10	0	5	19.25	23.61	16.55	314.28	0.3773	2457217.8044212963	118.05	96.25	0.5919444444444444	2165
g	2015	7	16	10	52	34	12388	12	47	9	35	10.43	23.96	45.33	280.24	0.7139	2457219.953171296	838.6	365.05	0.7518333333333332	2166
g	2015	7	17	6	14	30	12388	4	18	4	16	11.81	24.34	56.36	281.18	0.8331	2457220.7600694443	389.44	188.96	0.8131111111111112	2166
g	2015	7	18	6	12	7	12388	4	11	5	18	12.72	25.11	70.37	281.88	0.94	2457221.758414352	451.98	228.96	0.8909444444444444	2166
g	1990	9	3	6	28	13	6249	4	15	11	39	14.71	252.1	-79.25	76.43	0.9782	2448137.7695949073	9831.9	573.69	0.05972222222222224	1833
g	1990	9	4	15	20	32	6249	4	13	5	15	15.35	251.07	-62.21	76.44	0.8793	2448139.139259259	3766.05	230.25	0.15438888888888888	1833
g	1990	9	5	12	54	43	6249	0	5	0	5	17.1	247.83	-53.57	74.07	0.8011	2448140.0379976854	1239.15	85.5	0.2023888888888889	1833
g	1990	9	6	15	41	45	6249	13	32	10	23	15.48	250.3	-36.34	73.8	0.5964	2448141.153993056	5756.900000000002	356.04	0.2981111111111111	1833
g	1990	9	7	6	59	42	6249	3	25	1	16	15.63	249.85	-28.39	70.81	0.4863	2448141.791458333	3997.6	250.08	0.3422777777777778	1833
g	1990	9	10	8	13	28	6249	0	3	0	2	18.67	253.24	15.27	308.87	0.3234	2448144.8426851854	506.48	37.34	0.5848333333333333	1833
g	1999	1	7	12	43	18	8426m	0	3	0	2	-19.3	60.9	1.33	184.67	0.2705	2451186.0300694443	121.8	-38.6	0.5073888888888889	1944
g	1999	1	10	17	11	0	8426m	0	1	0	1	-14.82	54.22	36.59	250.85	0.6123	2451189.2159722224	54.22	-14.82	0.7032777777777778	1944
g	2015	3	22	15	1	30	12307p	0	2	0	1	-8.28	32.2	-37.8	94.53	0.6107	2457104.126041666	32.2	-8.28	0.29000000000000004	2161
g	2015	3	23	8	41	31	12307p	0	6	0	3	-15.13	26.44	-33.78	107.17	0.5717	2457104.862164352	79.32000000000002	-45.39	0.3123333333333333	2161
g	2015	3	25	0	22	0	12307p	0	43	0	23	-5.57	25.25	-13.21	85.37	0.2389	2457106.5152777783	580.75	-128.11	0.4266111111111111	2161
g	2015	3	26	0	39	0	12307p	0	54	0	27	-7.35	23.28	-1.84	105.42	0.0332	2457107.527083333	628.5600000000002	-198.45	0.4897777777777778	2161
g	2015	3	27	8	20	57	12307p	0	30	0	14	-7.55	17.74	10.05	272.28	0.1945	2457108.8478819444	248.36	-105.7	0.5558333333333333	2161
g	2015	3	28	7	39	45	12307p	0	9	0	5	-8.11	24.36	29.48	265.46	0.4907	2457109.819270833	121.8	-40.55	0.6637777777777778	2162
g	1981	6	12	12	31	28	3164	0	1	0	0	18.8	132.8	-37.48	61.44	0.657	2444768.021851852	0.0	0.0	0.2917777777777778	1709
g	1981	6	13	8	52	23	3164	0	9	0	6	19.64	134.39	-24.63	50.46	0.5103	2444768.869710648	806.3399999999997	117.84	0.3631666666666667	1709
g	1981	6	14	12	23	59	3164	0	9	0	4	20.62	125.32	-18.51	41.37	0.4515	2444770.0166550926	501.28	82.48	0.3971666666666666	1709
g	1981	6	15	14	59	59	3164	0	7	0	4	19.11	134.41	5.24	344.5	0.3229	2444771.124988426	537.64	76.44	0.5291111111111111	1709
g	1981	6	19	10	0	31	3164	0	1	0	1	25.78	125.76	46.78	302.49	0.7802	2444774.917025463	125.76	25.78	0.7598888888888891	1709
g	2014	5	5	6	5	2	12052m	0	10	0	5	-18.42	331.3	-20.25	128.08	0.4187	2456782.7534953705	1656.5	-92.1	0.3875	2150
g	2014	5	7	6	58	29	12052m	0	5	0	2	-16.64	331.94	7.32	208.26	0.259	2456784.790613426	663.88	-33.28	0.5406666666666666	2150
g	2015	4	25	6	11	53	12332m	0	3	0	1	-7.65	319.6	-26.48	88.46	0.433	2457137.7582523148	319.6	-7.65	0.3528888888888889	2163
g	2015	4	27	6	50	58	12332m	0	3	0	2	-4.32	328.91	9.61	271.19	0.1673	2457139.7853935184	657.82	-8.64	0.5533888888888889	2163
g	2015	12	16	9	25	15	12470m	0	2	0	4	22.02	49.6	-70.3	66.45	0.9535	2457372.8925347216	198.4	88.08	0.10944444444444447	2171
g	2015	12	18	8	45	33	12470m	0	1	0	1	13.46	34.31	-59.59	73.81	0.8754	2457374.8649652777	34.31	13.46	0.16894444444444442	2171
g	2015	12	20	8	26	15	12470m	0	11	0	7	19.01	36.57	-31.12	53.97	0.598	2457376.8515625	255.99	133.07000000000002	0.3271111111111111	2171
g	2015	12	21	9	58	30	12470m	0	21	0	11	15.6	38.02	-15.68	41.71	0.40299999999999997	2457377.915625	418.22	171.6	0.4128888888888889	2171
g	2015	12	23	8	40	35	12470m	0	9	0	5	19.25	37.86	9.79	335.98	0.3962	2457379.861516204	189.3	96.25	0.5543888888888888	2171
g	1980	4	23	7	51	17	2405	0	10	0	6	3.35	219.79	-31.9	75.86	0.5442	2444352.8272800925	1318.74	20.1	0.3227777777777778	1694
g	1980	4	24	14	11	24	2405	0	5	0	2	5.55	215.54	-19.47	60.97	0.3809	2444354.09125	431.08	11.1	0.39183333333333337	1694
g	1980	4	25	12	30	27	2405	0	7	0	4	3.81	218.07	-4.66	32.55	0.1789	2444355.021145833	872.28	15.24	0.4741111111111112	1694
g	1980	4	26	13	1	0	2405	0	15	0	7	5.21	217.5	8.28	321.35	0.2248	2444356.042361111	1522.5	36.47	0.546	1694
g	1980	4	27	8	33	41	2405	0	3	0	2	5.27	224.55	26.09	290.25	0.4686	2444356.856724537	449.1	10.54	0.6449444444444444	1694
g	1980	4	28	11	21	2	2405	0	7	0	4	8.67	216.63	32.93	291.82	0.5809	2444357.972939815	866.52	34.68	0.6829444444444445	1694
g	2015	3	16	8	20	22	12297o	0	4	0	2	-20.08	158.13	5.38	201.44	0.242	2457097.8474768517	316.26	-40.16	0.5298888888888889	2161
g	2015	3	17	9	30	0	12297o	0	4	0	2	-21.54	163.6	24.69	236.28	0.4691	2457098.895833333	327.2	-43.08	0.6371666666666667	2161
g	2015	8	25	6	23	44	12403w	0	30	0	16	14.97	155.42	-16.78	58.64	0.3121	2457259.766481481	2486.72	239.52	0.4067777777777778	2167
g	2015	8	26	6	50	5	12403w	0	18	0	10	13.65	137.04	-21.68	68.17	0.3797	2457260.7847800925	1370.4	136.5	0.3795555555555555	2167
g	2015	8	27	6	42	54	12403w	0	26	0	13	14.85	145.29	-0.26	1.89	0.1352	2457261.7797916667	1888.77	193.05	0.4985555555555555	2167
g	2015	8	28	6	44	20	12403w	0	9	0	5	16.61	145.1	12.72	308.95	0.27899999999999997	2457262.7807870368	725.5	83.05	0.5706666666666667	2167
g	2015	8	29	6	15	43	12403w	0	23	0	12	15.93	124.62	5.25	330.0	0.1773	2457263.760914352	1495.44	191.16	0.5291666666666667	2167
g	2015	8	30	6	3	4	12403w	0	5	0	2	16.28	120.45	14.11	304.75	0.2861	2457264.7521296297	240.9	32.56	0.5783888888888888	2167
g	2009	12	16	9	35	31	11035m	0	9	0	5	20.0	224.03	-14.06	32.47	0.4271	2455181.8996643517	1120.15	100.0	0.4218888888888889	2091
g	2009	12	17	9	35	31	11035m	0	5	0	3	18.45	224.26	-0.65	1.83	0.3362	2455182.8996643517	672.78	55.35	0.4963888888888889	2091
g	2009	12	19	11	3	31	11035m	0	5	0	3	23.38	209.62	11.87	335.78	0.462	2455184.960775463	628.86	70.14	0.5659444444444445	2091
g	2004	3	25	16	24	0	10584m	0	2	0	1	-16.8	103.79	-25.41	114.14	0.452	2453090.183333333	103.79	-16.8	0.3588333333333333	2014
g	2004	3	28	10	12	21	10584m	0	9	0	4	-15.91	108.39	15.36	237.23	0.3043	2453092.9252430554	433.56	-63.64	0.5853333333333334	2014
g	2015	3	22	15	1	30	12310	0	3	0	5	5.9	355.16	-74.84	82.07	0.9704	2457104.126041666	1775.8000000000006	29.5	0.0842222222222222	2161
g	2015	3	23	8	41	31	12310	2	24	3	38	6.63	349.04	-71.18	80.7	0.9477	2457104.862164352	13263.52	251.94	0.10455555555555553	2161
g	2015	3	24	9	4	53	12310	31	121	36	157	11.34	341.49	-65.37	74.73	0.9124	2457105.878391204	53613.93	1780.38	0.1368333333333333	2161
g	2015	3	25	0	22	0	12310	47	179	46	171	11.27	342.15	-56.31	72.44	0.8459	2457106.5152777783	58507.65	1927.17	0.18716666666666665	2161
g	2015	3	26	0	39	0	12310	37	163	27	125	13.0	339.55	-45.57	66.4	0.7512	2457107.527083333	42443.75	1625.0	0.2468333333333333	2161
g	2015	3	27	8	20	57	12310	34	179	22	110	13.31	340.18	-27.52	51.91	0.552	2457108.8478819444	37419.8	1464.1	0.34711111111111115	2161
g	2015	3	28	7	39	45	12310	12	87	7	49	14.82	336.84	-18.04	39.79	0.4711	2457109.819270833	16505.16	726.1800000000003	0.3997777777777777	2162
g	2015	3	29	9	7	7	12310	14	76	8	40	13.66	339.01	-1.87	5.26	0.3493	2457110.87994213	13560.4	546.4	0.4896111111111111	2162
g	2015	3	30	7	37	52	12310	8	46	5	25	13.79	336.03	7.51	339.86	0.3711	2457111.817962963	8400.75	344.75	0.5417222222222222	2162
g	2015	3	31	9	37	25	12310	0	20	0	11	13.0	337.78	23.54	310.85	0.5248	2457112.9009837965	3715.58	143.0	0.6307777777777778	2162
g	1998	10	31	9	37	34	8369m	0	3	0	1	13.16	218.62	-18.77	63.63	0.3512	2451117.901087963	218.62	13.16	0.3957222222222223	1942
g	1998	11	1	12	59	34	8369m	0	4	0	2	14.21	209.15	-13.03	51.51	0.2805	2451119.041365741	418.3	28.42	0.4276111111111111	1942
g	2015	12	15	8	4	59	12468n	0	9	0	5	-20.63	121.01	-12.76	148.49	0.3983	2457371.836793981	605.0500000000002	-103.15	0.4291111111111111	2171
g	2015	12	16	9	25	15	12468n	0	11	0	6	-21.69	113.16	-6.74	163.34	0.3749	2457372.8925347216	678.96	-130.14	0.4625555555555556	2171
g	2015	12	18	8	45	33	12468n	0	7	0	5	-20.24	123.61	29.71	234.82	0.5708	2457374.8649652777	618.05	-101.2	0.6650555555555556	2171
g	2015	12	19	8	24	19	12468n	0	10	0	7	-20.57	119.95	39.07	240.46	0.6802	2457375.8502199072	839.65	-143.99	0.7170555555555556	2171
g	2003	12	10	8	42	55	10520	6	38	20	124	2.13	8.11	-81.52	87.81	0.9898	2452983.863136574	1005.64	264.12	0.04711111111111113	2010
g	2003	12	11	11	11	32	10520	19	127	25	163	2.35	8.05	-67.21	87.28	0.9239	2452984.9663425926	1312.15	383.05	0.12661111111111115	2010
g	2003	12	12	14	38	32	10520	33	193	27	156	2.41	8.06	-52.12	86.53	0.7924	2452986.1100925924	1257.36	375.96	0.21044444444444446	2010
g	2003	12	14	13	20	37	10520	74	505	41	278	1.89	8.78	-25.61	84.03	0.4364	2452988.0559837963	2440.84	525.42	0.3577222222222222	2010
g	2003	12	15	9	54	26	10520	48	405	25	208	2.41	8.33	-14.77	77.21	0.2623	2452988.912800926	1732.64	501.28	0.4179444444444445	2010
g	2003	12	16	9	43	9	10520	34	379	17	192	2.21	9.33	-0.68	11.92	0.0577	2452989.9049652773	1791.36	424.32	0.4962222222222222	2010
g	2003	12	17	10	9	26	10520	64	399	33	204	2.61	9.03	12.4	287.29	0.2256	2452990.9232175928	1842.12	532.4399999999998	0.5688888888888889	2010
g	2003	12	18	16	32	0	10520	44	298	25	169	2.68	8.82	28.88	277.94	0.4889	2452992.1888888893	1490.5800000000006	452.92	0.6604444444444444	2011
g	2003	12	19	11	9	33	10520	17	289	11	185	2.74	8.8	39.07	276.09	0.6351	2452992.9649652783	1628.0000000000002	506.9	0.7170555555555556	2011
g	2003	12	20	8	21	19	10520	25	211	20	162	2.9	8.0	49.93	275.08	0.7694	2452993.848136574	1296.0	469.8	0.7773888888888889	2011
g	2003	12	21	10	8	21	10520	22	143	25	161	3.29	7.76	63.83	274.47	0.9006	2452994.9224652783	1249.36	529.69	0.8546111111111109	2011
g	2003	12	22	17	54	0	10520	3	35	8	114	3.41	7.53	81.03	273.74	0.9888	2452996.245833333	858.4200000000003	388.74	0.9501666666666668	2011
g	1998	5	19	14	3	0	8224m	0	5	0	4	-24.68	234.17	-21.57	139.11	0.5125	2450953.0854166667	936.68	-98.72	0.3801666666666667	1936
g	1998	5	25	8	59	34	8224m	0	17	0	10	-25.23	206.34	27.18	225.25	0.5894	2450958.874699074	2063.4	-252.3	0.6509999999999999	1936
g	1998	5	23	14	19	26	8224m	0	6	0	3	-26.46	204.03	1.37	183.65	0.4237	2450957.0968287042	612.09	-79.38	0.5076111111111111	1936
g	1998	5	22	10	51	10	8224m	0	3	0	3	-25.38	216.31	-1.49	176.69	0.4448	2450955.952199074	648.9300000000002	-76.14	0.4917222222222222	1936
g	1998	5	20	10	54	24	8224m	0	3	0	2	-23.67	234.31	-9.96	156.88	0.4036	2450953.9544444443	468.62	-47.34	0.4446666666666666	1936
g	2008	4	18	11	48	28	10991	0	6	0	4	-9.04	284.33	-47.23	97.43	0.7335	2454574.991990741	1137.32	-36.16	0.2376111111111112	2069
g	2008	4	19	13	11	15	10991	0	6	0	3	-8.89	285.16	-32.43	98.38	0.5377	2454576.049479166	855.48	-26.67	0.31983333333333336	2069
g	2008	4	20	15	15	38	10991	0	1	0	1	-12.44	287.76	-15.46	116.66	0.2925	2454577.1358564813	287.76	-12.44	0.41411111111111104	2069
g	2008	4	21	10	14	42	10991	0	7	0	4	-7.77	280.22	-12.58	102.82	0.2223	2454577.926875	1120.88	-31.08	0.4301111111111111	2069
g	1990	10	19	13	2	19	6333	0	2	0	9	24.28	358.04	-82.58	66.24	0.9883	2448184.043275463	3222.36	218.52	0.04122222222222223	1834
g	1990	10	20	10	32	40	6333	4	8	8	14	24.15	357.68	-71.13	66.28	0.9445	2448184.939351852	5007.52	338.1	0.10483333333333336	1834
g	1990	10	21	13	15	41	6333	1	7	2	8	24.21	357.72	-56.42	64.58	0.8435	2448186.0525578703	2861.76	193.68	0.1865555555555556	1834
g	1990	10	22	6	50	3	6333	5	15	4	13	23.56	357.57	-46.92	63.07	0.7534	2448186.7847569445	4648.41	306.28	0.2393333333333333	1834
g	1990	10	23	13	23	25	6333	0	3	0	2	24.37	357.68	-29.98	53.28	0.5701	2448188.057928241	715.36	48.74	0.33344444444444443	1834
g	1990	10	24	6	35	49	6333	0	15	0	9	26.07	9.23	-8.97	20.88	0.3884	2448188.7748726853	83.07000000000002	234.63	0.45016666666666666	1834
g	1990	10	27	9	32	34	6333	0	2	0	2	25.23	3.42	26.41	311.54	0.5397	2448191.8976157405	6.84	50.46	0.6467222222222222	1835
g	1990	11	2	10	29	6	6333	0	3	0	13	21.61	340.92	83.51	291.26	0.9918	2448197.936875	4431.96	280.93	0.9639444444444444	1835
g	2000	1	31	11	58	32	8853	0	9	0	35	-10.27	242.69	-83.78	99.65	0.9928	2451574.9989814814	8494.15	-359.45	0.03455555555555555	1959
g	2000	2	1	12	7	55	8853	1	10	1	13	-10.68	244.38	-68.79	99.15	0.9273	2451576.005497685	3176.94	-138.84	0.1178333333333333	1959
g	2000	2	2	8	15	45	8853	0	18	0	15	-13.19	249.46	-52.7	102.22	0.7878	2451576.8442708333	3741.9	-197.85	0.2072222222222222	1959
g	2000	2	3	12	21	6	8853	0	22	0	14	-13.7	246.33	-40.31	104.23	0.6475	2451578.014652778	3448.6200000000013	-191.8	0.27605555555555555	1959
g	2000	2	4	12	58	22	8853	1	41	0	23	-13.44	247.27	-25.94	109.03	0.4478	2451579.0405324074	5687.21	-309.12	0.3558888888888889	1959
g	2000	2	5	16	25	32	8853	0	71	0	39	-13.37	242.78	-15.37	117.47	0.2941	2451580.184398148	9468.42	-521.43	0.4146111111111111	1959
g	2000	2	6	11	11	32	8853	0	153	0	78	-16.91	240.68	-7.16	158.24	0.2613	2451580.9663425926	18773.04	-1318.98	0.4602222222222223	1959
g	2000	2	7	8	3	2	8853	2	55	1	26	-15.16	242.98	6.56	206.66	0.2159	2451581.8354398147	6317.48	-394.16	0.5364444444444445	1959
g	2000	2	8	11	58	56	8853	0	28	0	17	-14.53	245.58	24.53	249.82	0.4302	2451582.999259259	4174.8600000000015	-247.01	0.6362777777777778	1959
g	1989	2	3	7	41	0	5351	0	1	0	3	30.26	319.26	-69.56	56.6	0.9705	2447560.820138889	957.78	90.78	0.11355555555555555	1811
g	1989	2	4	5	44	0	5351	0	5	0	7	29.89	318.63	-58.11	53.47	0.9178	2447561.738888889	2230.41	209.23	0.17716666666666667	1811
g	1989	2	5	5	48	0	5351	0	3	0	3	29.51	318.65	-44.91	47.78	0.8318	2447562.7416666667	955.95	88.53	0.2505	1811
g	1989	2	6	5	47	0	5351	0	5	0	3	29.59	318.03	-32.39	39.14	0.7404	2447563.7409722223	954.09	88.77	0.32005555555555554	1812
g	1989	2	9	8	49	5	5351	0	9	0	7	34.3	303.72	-5.52	6.98	0.6588	2447566.8674189816	2126.04	240.1	0.4693333333333334	1812
g	1989	2	10	8	20	30	5351	0	2	0	1	35.43	296.7	0.43	359.48	0.6698	2447567.847569444	296.7	35.43	0.5023888888888889	1812
g	1989	2	11	13	15	33	5351	0	5	0	3	32.73	307.05	26.57	329.07	0.7377	2447569.0524652777	921.15	98.19	0.6476111111111109	1812
g	2012	2	26	12	18	2	11421o	0	14	0	6	-22.27	75.99	-17.59	138.49	0.3932	2455984.012523148	455.94	-133.62	0.4022777777777777	2120
g	2012	2	29	9	13	39	11421o	0	3	0	2	-26.63	74.55	18.8	219.19	0.4461	2455986.8844791665	149.1	-53.26	0.6044444444444445	2120
g	2012	3	2	14	0	2	11421o	0	3	0	1	-25.79	56.8	29.99	233.14	0.5671	2455989.083356481	56.8	-25.79	0.6666111111111109	2120
g	1992	5	12	7	13	50	7163c	0	2	0	1	5.32	67.98	-42.68	79.14	0.6896	2448754.801273148	67.98	5.32	0.2628888888888889	1855
g	1992	5	13	6	43	58	7163c	0	2	0	1	7.75	62.48	-35.21	73.02	0.5996	2448755.780532408	62.48	7.75	0.3043888888888889	1855
g	1992	5	15	6	55	50	7163c	0	1	0	1	8.38	63.8	-7.32	33.58	0.22899999999999998	2448757.7887731483	63.8	8.38	0.4593333333333334	1855
g	2000	9	18	7	34	11	9159	0	4	0	11	-14.73	234.45	76.96	253.46	0.9825	2451805.8154050927	2578.95	-162.03	0.9275555555555556	1967
g	2000	9	17	13	21	52	9159	5	42	7	57	-14.24	233.56	66.06	251.68	0.9343	2451805.0568518518	13312.92	-811.6800000000003	0.867	1967
g	2000	9	16	6	57	10	9159	15	80	12	63	-14.72	231.07	46.82	244.57	0.7829	2451803.789699074	14557.41	-927.36	0.7601111111111111	1967
g	2000	9	15	12	36	5	9159	0	18	0	12	-14.99	229.56	35.2	237.41	0.6631	2451803.0250578704	2754.720000000001	-179.88	0.6955555555555556	1967
g	2000	9	14	13	39	54	9159	0	20	0	12	-15.37	237.36	30.37	230.51	0.6149	2451802.069375	2848.32	-184.44	0.6687222222222222	1967
g	2000	9	13	13	4	14	9159	1	54	1	32	-15.53	239.47	18.98	216.72	0.512	2451801.0446064817	7663.04	-496.96	0.6054444444444445	1967
g	2000	9	11	6	35	25	9159	2	99	1	52	-14.23	239.71	-10.76	157.36	0.4235	2451798.7745949067	12464.92	-739.96	0.4402222222222222	1967
g	2000	9	10	6	11	8	9159	2	69	1	44	-14.75	241.2	-22.7	140.68	0.5366	2451797.7577314815	10612.8	-649.0	0.3738888888888889	1967
g	2000	9	9	6	41	11	9159	0	45	0	32	-13.14	242.48	-34.34	123.13	0.6358	2451796.778599537	7759.36	-420.48	0.3092222222222222	1967
g	2000	9	8	6	51	40	9159	0	6	0	4	-9.53	253.16	-36.77	114.95	0.6497	2451795.7858796297	1012.64	-38.12	0.2957222222222222	1967
g	2000	9	7	6	4	36	9159	0	10	0	9	-10.66	251.28	-52.29	108.86	0.8179	2451794.7531944443	2261.52	-95.94	0.2095	1967
g	2000	9	6	8	38	34	9159	0	1	0	1	-11.74	260.1	-55.24	108.71	0.8512	2451793.860115741	260.1	-11.74	0.1931111111111111	1967
g	2000	9	12	14	20	37	9159	12	124	5	69	-15.27	237.8	4.8	192.39	0.4098	2451800.0976504628	16408.2	-1053.63	0.5266666666666666	1967
g	2010	12	7	23	59	31	11130n	0	6	0	4	-25.09	212.43	1.23	182.96	0.4274	2455538.499664352	849.72	-100.36	0.5068333333333334	2104
g	2010	12	9	14	24	31	11130n	0	14	0	8	-20.76	202.37	12.27	208.32	0.4084	2455540.1003587963	1618.96	-166.08	0.5681666666666666	2104
g	2010	12	11	17	0	31	11130n	0	3	0	2	-23.21	193.15	30.82	230.51	0.6125	2455542.2086921297	386.3	-46.42	0.6712222222222222	2104
g	1978	9	24	11	28	1	1309	5	18	11	37	34.96	223.46	-78.17	55.64	0.9727	2443775.9777893517	8268.02	1293.52	0.06572222222222221	1673
g	1978	9	25	9	23	14	1309	6	32	8	42	35.11	222.41	-67.15	54.75	0.9244	2443776.89113426	9341.22	1474.62	0.12694444444444442	1673
g	1978	9	26	8	26	34	1309	6	29	6	30	35.98	218.04	-58.86	52.16	0.8703	2443777.851782408	6541.2	1079.4	0.17300000000000001	1673
g	1978	9	27	9	22	14	1309	14	79	11	67	36.91	213.23	-49.95	48.49	0.8101	2443778.890439815	14286.41	2472.97	0.2225	1673
g	1978	9	28	23	16	0	1309	54	232	38	163	38.39	206.11	-36.23	40.06	0.7134	2443780.4694444444	33595.93	6257.57	0.2987222222222222	1673
g	1978	9	29	12	43	23	1309	37	165	25	114	38.44	206.08	-28.87	34.49	0.6585	2443781.030127315	23493.12000000001	4382.16	0.3396111111111111	1673
g	1978	9	30	13	34	6	1309	11	80	7	51	38.35	204.46	-16.82	22.62	0.5799	2443782.0653472217	10427.46	1955.85	0.4065555555555556	1673
g	1978	10	1	9	7	56	1309	0	51	0	30	38.48	203.17	-7.36	10.84	0.537	2443782.880509259	6095.0999999999985	1154.4	0.4591111111111112	1673
g	1978	10	2	13	11	35	1309	0	39	0	26	38.64	201.96	6.86	350.0	0.5456	2443784.049710648	5250.96	1004.64	0.5381111111111111	1673
g	1978	10	3	10	32	1	1309	0	13	0	7	39.39	200.47	17.08	337.53	0.5961	2443784.9389004637	1403.29	275.73	0.5948888888888889	1673
g	1978	10	4	10	46	2	1309	0	21	0	13	38.59	201.36	31.31	323.42	0.6832	2443785.94863426	2617.6800000000007	501.6700000000001	0.6739444444444445	1673
g	1978	10	5	8	43	30	1309	0	7	0	6	42.14	192.92	34.94	324.64	0.7366	2443786.863541667	1157.52	252.84	0.6941111111111111	1673
g	2015	11	16	8	37	32	12450o	0	7	0	5	-16.7	120.1	-35.57	120.32	0.6459999999999999	2457342.859398148	600.5	-83.5	0.3023888888888889	2170
g	2015	11	17	10	47	45	12450o	0	18	0	11	-18.26	116.37	-24.96	131.95	0.5329	2457343.949826389	1280.0700000000004	-200.86	0.3613333333333333	2170
g	2015	11	18	9	47	57	12450o	0	31	0	19	-20.27	108.94	-19.75	143.76	0.5037	2457344.9082986107	2069.86	-385.13	0.3902777777777778	2170
g	2015	11	20	9	32	35	12450o	0	36	0	19	-21.22	107.41	4.88	191.18	0.4593	2457346.897627315	2040.79	-403.18	0.5271111111111111	2170
g	2015	11	21	0	27	0	12450o	0	13	0	8	-20.55	108.73	14.44	207.89	0.4969	2457347.51875	869.84	-164.4	0.5802222222222222	2170
g	2015	11	22	12	25	16	12450o	0	8	0	5	-23.31	97.16	22.65	216.14	0.5848	2457349.017546296	485.8	-116.55	0.6258333333333334	2170
g	2015	11	23	9	4	36	12450o	0	4	0	2	-21.53	87.48	24.31	224.12	0.5523	2457349.8781944443	174.96	-43.06	0.6350555555555556	2170
g	2015	11	24	4	17	0	12450o	0	3	0	2	-22.97	88.26	35.63	232.37	0.6795	2457350.6784722223	176.52	-45.94	0.6979444444444444	2170
g	2015	11	19	7	28	7	12450o	0	13	0	7	-22.1	108.95	-7.83	169.97	0.4626	2457345.8111921297	762.65	-154.70000000000005	0.4565	2170
g	2002	12	26	11	11	32	10239a	0	8	0	5	-15.52	350.27	-24.89	119.79	0.4693	2452634.9663425926	1751.35	-77.6	0.3617222222222222	1997
g	2002	12	27	11	11	32	10239a	0	46	0	26	-16.88	339.06	-22.93	125.49	0.4555	2452635.9663425926	8815.56	-438.88	0.3726111111111111	1997
g	2002	12	28	16	18	0	10239a	0	99	0	53	-23.91	341.73	-4.17	169.56	0.3729	2452637.1791666667	18111.69	-1267.23	0.4768333333333333	1998
g	2002	12	30	11	11	32	10239a	0	9	0	5	-15.71	346.07	23.63	239.46	0.4503	2452638.9663425926	1730.35	-78.55000000000003	0.6312777777777777	1998
g	2002	12	31	13	12	32	10239a	0	10	0	6	-16.47	341.27	33.12	244.0	0.581	2452640.0503703705	2047.62	-98.82	0.684	1998
g	2013	1	13	9	49	38	11657m	0	5	0	3	-13.38	119.87	-43.72	104.73	0.6977	2456305.9094675924	359.61	-40.14	0.2571111111111111	2132
g	2013	1	19	0	21	0	11657m	0	3	0	1	-18.14	119.41	29.64	243.05	0.5293	2456311.514583333	119.41	-18.14	0.6646666666666666	2132
g	2013	1	20	1	12	0	11657m	0	1	0	1	-19.61	106.55	30.41	241.13	0.5466	2456312.55	106.55	-19.61	0.6689444444444445	2132
g	2009	10	1	9	31	11	11026m	0	1	0	1	-29.2	196.91	36.48	222.5	0.7705	2455105.8966550925	196.91	-29.2	0.7026666666666667	2088
g	2009	10	3	14	39	59	11026m	0	4	0	8	-29.62	197.2	65.97	236.2	0.9568	2455108.111099537	1577.6	-236.96	0.8665	2088
g	2009	10	4	7	17	19	11026m	0	3	0	7	-29.8	196.95	74.87	238.19	0.9865	2455108.803692129	1378.65	-208.6	0.9159444444444444	2088
g	2015	8	29	6	15	43	12406o	0	3	0	2	7.88	82.43	-36.94	86.38	0.5987	2457263.760914352	164.86	15.76	0.2947777777777778	2167
g	2015	9	2	10	22	25	12406o	0	11	0	6	8.84	82.8	18.53	276.24	0.3174	2457267.9322337965	496.8	53.04	0.6029444444444445	2167
g	1978	9	1	10	8	12	1285m	0	1	0	1	14.78	181.17	-64.86	77.03	0.9	2443752.9223611117	181.17	14.78	0.13966666666666666	1672
g	1978	9	2	9	40	28	1285m	0	2	0	1	16.66	179.23	-53.87	74.58	0.8049	2443753.9031018517	179.23	16.66	0.20072222222222225	1672
g	1978	9	3	9	47	26	1285m	0	4	0	3	16.23	179.74	-40.1	73.38	0.6455	2443754.907939815	539.22	48.69	0.2772222222222222	1672
g	1978	9	4	11	1	20	1285m	0	7	0	3	18.07	180.1	-25.81	64.33	0.4629	2443755.959259259	540.3	54.21	0.3566111111111111	1672
g	1978	9	5	12	21	7	1285m	0	7	0	4	16.07	177.89	-14.09	57.03	0.2819	2443757.014664352	711.56	64.28	0.4217222222222222	1672
g	1978	8	5	9	5	17	1242	0	6	0	11	18.43	168.93	-74.52	72.54	0.9597	2443725.8786689816	1858.23	202.73	0.08600000000000002	1671
g	1978	8	6	9	43	17	1242	1	8	1	7	18.04	171.0	-58.88	72.58	0.8526	2443726.9050578703	1197.0	126.28	0.17288888888888887	1671
g	1978	8	7	11	45	44	1242	0	6	0	5	18.05	173.07	-42.47	70.24	0.6836	2443727.9900925932	865.3499999999997	90.25	0.26405555555555554	1671
g	1978	8	8	10	10	20	1242	0	18	0	12	19.82	168.74	-34.49	64.66	0.5859	2443728.9238425926	2024.88	237.84	0.3083888888888889	1671
g	1978	8	9	10	32	46	1242	0	14	0	5	18.24	173.52	-16.25	51.58	0.3399	2443729.939421296	867.6	91.2	0.4097222222222222	1671
g	1978	8	11	10	43	44	1242	13	65	7	32	17.0	176.73	13.51	309.63	0.2918	2443731.947037037	5655.36	544.0	0.5750555555555555	1671
g	1978	8	12	9	49	11	1242	0	18	0	9	18.29	176.88	26.33	297.91	0.4821	2443732.9091550927	1591.92	164.61	0.6462777777777777	1671
g	1978	8	13	11	4	22	1242	4	33	2	23	18.12	172.07	35.46	294.44	0.6134	2443733.9613657407	3957.61	416.76000000000016	0.6970000000000001	1671
g	1978	8	14	8	22	11	1242	0	9	0	7	20.21	169.29	44.39	293.05	0.7148	2443734.848738426	1185.03	141.47	0.7466111111111109	1671
g	1978	8	16	9	36	9	1242	0	2	0	2	26.81	164.52	66.76	296.39	0.9172	2443736.9001041665	329.04	53.62	0.8708888888888888	1671
g	2015	12	13	8	59	29	12465s	0	8	0	5	10.97	130.07	-29.6	67.61	0.5269	2457369.8746412043	650.3499999999998	54.85	0.33555555555555555	2171
g	2015	12	14	8	7	29	12465s	0	16	0	8	12.53	130.03	-16.97	50.86	0.3692	2457370.8385300925	1040.24	100.24	0.4057222222222222	2171
g	2015	12	15	8	4	59	12465s	0	19	0	10	12.95	124.9	-8.87	24.49	0.3163	2457371.836793981	1249.0	129.5	0.4507222222222222	2171
g	2015	12	16	9	25	15	12465s	0	20	0	11	11.62	126.42	6.52	333.03	0.2454	2457372.8925347216	1390.62	127.82	0.5362222222222222	2171
g	2015	12	18	8	45	33	12465s	0	5	0	4	14.76	130.91	37.01	295.01	0.6452	2457374.8649652777	523.64	59.04	0.7056111111111111	2171
g	1981	5	15	13	0	1	3115	0	1	0	1	25.44	134.37	-46.12	54.91	0.7977	2444740.0416782405	134.37	25.44	0.2437777777777778	1708
g	1981	5	19	13	18	0	3115	0	5	0	4	27.84	133.92	6.51	348.57	0.5121	2444744.0541666667	535.68	111.36	0.5361666666666667	1708
g	1981	5	21	5	27	11	3115	0	8	0	6	29.87	129.66	24.36	325.77	0.6367	2444745.7272106484	777.96	179.22	0.6353333333333333	1708
g	2015	5	7	6	7	10	12334m	0	3	0	2	-28.75	182.78	-4.74	170.33	0.4336	2457149.754976852	365.56	-57.5	0.4736666666666667	2163
g	2015	5	9	6	54	37	12334m	0	7	0	4	-29.5	182.56	21.96	216.22	0.5529999999999999	2457151.787928241	730.24	-118.0	0.622	2163
g	2015	5	10	8	24	42	12334m	0	2	0	1	-32.29	163.48	16.87	206.7	0.5479999999999999	2457152.850486111	163.48	-32.29	0.5937222222222223	2163
g	1990	12	28	5	42	0	6430	0	13	0	10	-11.41	201.66	-40.35	104.52	0.6578	2448253.7375	2016.6	-114.1	0.2758333333333333	1837
g	1990	12	29	5	37	30	6430	10	44	6	28	-12.61	204.56	-24.33	114.0	0.4431	2448254.734375	5727.68	-353.08	0.3648333333333333	1837
g	1990	12	30	11	51	34	6430	0	3	0	3	-15.19	204.06	-8.22	147.18	0.2591	2448255.9941435186	612.1800000000002	-45.57	0.4543333333333334	1837
g	1991	1	2	13	11	3	6430	0	4	0	4	-7.47	204.89	32.82	261.14	0.5461	2448259.049340278	819.56	-29.88	0.6823333333333333	1837
g	1991	1	3	10	17	49	6430	3	33	3	26	-7.08	203.4	42.93	263.1	0.6829999999999999	2448259.929039352	5288.4000000000015	-184.08	0.7385	1837
g	1991	1	4	7	40	50	6430	0	18	0	17	-6.76	204.51	55.82	264.09	0.8276	2448260.8200231483	3476.67	-114.92	0.8101111111111111	1837
g	1991	1	5	12	10	46	6430	20	155	35	247	-7.49	204.06	70.98	263.28	0.9446	2448262.007476852	50402.82	-1850.03	0.8943333333333334	1837
g	1991	1	6	8	44	45	6430	13	85	41	270	-7.78	202.36	80.55	262.72	0.9861	2448262.8644097224	54637.2	-2100.6	0.9475	1837
g	1978	8	11	10	43	44	1248	0	1	0	1	10.71	115.59	-47.64	81.37	0.7366	2443731.947037037	115.59	10.71	0.2353333333333333	1671
g	1978	8	12	9	49	11	1248	0	1	0	1	9.57	115.59	-34.95	82.58	0.5719	2443732.9091550927	115.59	9.57	0.3058333333333333	1671
g	1978	8	15	15	43	33	1248	0	1	0	1	15.2	115.34	7.75	318.91	0.19899999999999998	2443736.1552430554	115.34	15.2	0.5430555555555555	1671
g	1978	8	17	10	7	33	1248	0	3	0	2	16.09	110.49	26.23	293.25	0.4637	2443737.921909722	220.98	32.18	0.6457222222222222	1671
g	2001	12	11	15	2	32	9737m	0	5	0	4	-19.38	299.25	-49.1	114.58	0.7864	2452255.126759259	1197.0	-77.52	0.2272222222222222	1984
g	2001	12	13	15	59	32	9737m	0	23	0	14	-17.28	294.17	-27.3	131.23	0.5229	2452257.1663425933	4118.38	-241.92	0.3483333333333333	1984
g	2001	12	14	11	47	4	9737m	0	7	0	4	-22.9	289.17	-21.17	141.46	0.5142	2452257.9910185183	1156.68	-91.6	0.3823888888888889	1984
g	2001	12	15	10	15	30	9737m	0	21	0	12	-19.25	279.35	-18.68	138.72	0.4593	2452258.927430556	3352.200000000001	-231.0	0.3962222222222222	1984
g	2001	12	16	11	22	30	9737m	1	47	0	25	-18.03	282.37	-1.89	171.53	0.3252	2452259.973958333	7059.25	-450.75	0.4895	1984
g	2001	12	17	11	32	49	9737m	0	6	0	3	-18.77	274.54	3.52	190.23	0.3133	2452260.981122685	823.6200000000001	-56.31	0.5195555555555555	1984
g	2015	8	4	6	8	40	12391m	0	15	0	8	17.68	119.94	30.11	294.44	0.527	2457238.7560185185	959.52	141.44	0.6672777777777777	2166
g	2015	8	3	8	28	45	12391m	0	24	0	14	17.06	126.78	25.01	300.66	0.4544	2457237.853298611	1774.92	238.84	0.6389444444444444	2166
g	2015	8	2	8	48	40	12391m	1	54	0	30	13.34	140.06	25.19	292.55	0.4462	2457236.867129629	4201.8	400.2	0.6399444444444444	2166
g	2015	8	1	7	22	48	12391m	0	32	0	16	15.79	135.91	7.03	325.87	0.2111	2457235.8075	2174.56	252.64	0.5390555555555555	2166
g	2015	7	31	12	13	36	12391m	0	50	0	27	18.26	131.22	-8.22	32.0	0.2573	2457235.0094444444	3542.94	493.02	0.4543333333333334	2166
g	2015	8	6	6	5	11	12391m	0	4	0	11	15.11	143.49	80.03	284.24	0.9819	2457240.753599537	1578.39	166.20999999999995	0.9446111111111112	2166
g	2015	7	29	7	0	0	12391m	0	33	0	19	14.72	137.17	-31.6	67.45	0.5329999999999999	2457232.791666666	2606.23	279.68	0.3244444444444444	2166
g	2015	7	28	15	11	4	12391m	0	22	0	12	12.97	151.29	-26.2	70.59	0.4505	2457232.1326851854	1815.48	155.64	0.35444444444444445	2166
g	2015	7	27	14	54	56	12391m	0	11	0	7	12.22	153.85	-37.02	75.49	0.5998	2457231.1214814815	1076.95	85.54	0.2943333333333333	2166
g	2015	7	30	12	3	47	12391m	0	36	0	20	12.11	143.37	-9.38	54.55	0.1967	2457234.002627315	2867.4	242.2	0.4478888888888889	2166
g	1978	7	25	8	22	30	1226a	0	3	0	1	22.72	41.11	11.78	328.54	0.3578	2443714.848958333	41.11	22.72	0.5654444444444444	1670
g	1978	7	27	10	27	36	1226a	0	10	0	7	26.84	22.19	20.44	322.45	0.5058	2443716.935833333	155.33	187.88	0.6135555555555555	1670
g	1978	7	29	7	59	55	1226a	0	3	0	2	28.52	18.4	41.76	305.3	0.7181	2443718.833275463	36.8	57.04	0.732	1671
g	2015	10	18	10	59	48	12434p	0	3	0	2	28.25	130.56	-46.24	57.14	0.7597	2457313.9581944444	261.12	56.5	0.2431111111111111	2169
g	2015	10	21	6	44	20	12434p	0	8	0	5	22.69	144.37	4.86	344.68	0.31	2457316.7807870368	721.85	113.45	0.527	2169
g	2015	10	22	6	48	50	12434p	0	3	0	2	24.29	140.38	14.07	325.38	0.4105	2457317.783912037	280.76	48.58	0.5781666666666666	2169
g	1981	9	22	6	5	16	3358	8	30	5	18	20.04	228.11	-37.0	66.39	0.6192	2444869.753657408	4105.980000000001	360.72	0.29444444444444445	1713
g	1981	9	24	6	42	50	3358	0	5	0	3	16.12	225.5	-12.88	50.2	0.2715	2444871.77974537	676.5	48.36	0.4284444444444445	1713
g	1981	9	25	9	24	2	3358	0	4	0	3	14.13	226.5	2.79	339.26	0.1341	2444872.891689814	679.5	42.39	0.5155000000000001	1713
g	2015	6	18	13	29	53	12369p	0	7	0	4	18.6	325.84	-21.97	49.99	0.465	2457192.0624189815	1303.36	74.4	0.3779444444444445	2165
g	2015	6	22	6	37	20	12369p	0	3	0	2	18.35	327.19	28.57	302.41	0.5397	2457195.775925926	654.38	36.7	0.6587222222222222	2165
g	2015	6	23	8	3	45	12369p	0	2	0	1	22.61	310.42	25.83	311.52	0.5393	2457196.8359375	310.42	22.61	0.6435	2165
