Year	CarringtonRotation	NOAA	StartJulianDay	EndJulianDay	TotalGroupArea	WeightedLongitude	WeightedLatitude	StartPosition	EndPosition	MinLongitude	MaxLongitude	LongitudeRange	MinLatitude	MaxLatitude	LatitudeRange
2002	1997	10239a	2452634.9663425926	2452640.0503703705	95	341.64810526315785	-20.64294736842105	0.3617222222222222	0.684	339.06	350.27	11.20999999999998	-23.91	-15.52	8.39
2003	2010	10520	2452983.863136574	2452996.245833333	2116	8.461469754253308	2.53054820415879	0.04711111111111113	0.9501666666666668	7.53	9.33	1.7999999999999998	1.89	3.41	1.5200000000000002
2004	2014	10584m	2453090.183333333	2453092.9252430554	5	107.47	-16.088	0.3588333333333333	0.5853333333333334	103.79	108.39	4.599999999999994	-16.8	-15.91	0.8900000000000006
2005	2034	10808a	2453628.891759259	2453634.9217824074	18	165.9227777777778	12.48388888888889	0.23155555555555554	0.581	150.11	168.22	18.109999999999985	10.76	17.89	7.130000000000001
2008	2069	10991	2454574.991990741	2454577.926875	12	283.4533333333333	-8.862499999999999	0.2376111111111112	0.4301111111111111	280.22	287.76	7.539999999999964	-12.44	-7.77	4.67
2009	2088	11026m	2455105.8966550925	2455108.803692129	16	197.0725	-29.6725	0.7026666666666667	0.9159444444444444	196.91	197.2	0.28999999999999204	-29.8	-29.2	0.6000000000000014
2009	2091	11035m	2455181.8996643517	2455184.960775463	11	220.16272727272727	20.49909090909091	0.4218888888888889	0.5659444444444445	209.62	224.26	14.639999999999986	18.45	23.38	4.93
2010	2104	11130n	2455538.499664352	2455542.2086921297	14	203.92714285714288	-22.34714285714286	0.5068333333333334	0.6712222222222222	193.15	212.43	19.28	-25.09	-20.76	4.329999999999998
2012	2120	11421o	2455984.012523148	2455989.083356481	9	73.53777777777776	-23.63	0.4022777777777777	0.6666111111111109	56.8	75.99	19.189999999999998	-26.63	-22.27	4.359999999999999
2013	2132	11657m	2456305.9094675924	2456312.55	5	117.11399999999999	-15.578	0.2571111111111111	0.6689444444444445	106.55	119.87	13.320000000000007	-19.61	-13.38	6.229999999999999
2013	2140	11809q	2456520.822395833	2456521.899710648	3	214.75333333333333	17.103333333333335	0.4988888888888889	0.6571111111111111	205.26	219.5	14.240000000000009	16.36	18.59	2.2300000000000004
2014	2150	12052m	2456782.7534953705	2456784.790613426	7	331.48285714285714	-17.91142857142857	0.3875	0.5406666666666666	331.3	331.94	0.6399999999999864	-18.42	-16.64	1.7800000000000011
1978	1670	1226a	2443714.848958333	2443718.833275463	10	23.324	26.764	0.5654444444444444	0.732	18.4	41.11	22.71	22.72	28.52	5.800000000000001
2015	2161	12297o	2457097.8474768517	2457098.895833333	4	160.865	-20.81	0.5298888888888889	0.6371666666666667	158.13	163.6	5.469999999999999	-21.54	-20.08	1.4600000000000009
2015	2161	12307p	2457104.126041666	2457109.819270833	73	23.164246575342467	-7.212054794520548	0.29000000000000004	0.6637777777777778	17.74	32.2	14.460000000000004	-15.13	-5.57	9.56
2015	2161	12310	2457104.126041666	2457112.9009837965	731	340.91154582763335	12.090861833105336	0.0842222222222222	0.6307777777777778	336.03	355.16	19.130000000000052	5.9	14.82	8.92
2015	2163	12332m	2457137.7582523148	2457139.7853935184	3	325.8066666666667	-5.43	0.3528888888888889	0.5533888888888889	319.6	328.91	9.310000000000002	-7.65	-4.32	3.33
2015	2163	12334m	2457149.754976852	2457152.850486111	7	179.89714285714285	-29.684285714285714	0.4736666666666667	0.622	163.48	182.78	19.30000000000001	-32.29	-28.75	3.539999999999999
2015	2165	12369p	2457192.0624189815	2457196.8359375	7	324.0228571428571	19.101428571428574	0.3779444444444445	0.6587222222222222	310.42	327.19	16.769999999999982	18.35	22.61	4.259999999999998
2015	2165	12388	2457213.7564930557	2457221.758414352	107	23.888130841121498	13.326728971962616	0.2910555555555556	0.8909444444444444	22.62	25.11	2.4899999999999984	10.43	19.25	8.82
2015	2166	12391m	2457231.1214814815	2457240.753599537	164	137.79384146341465	14.97201219512195	0.2943333333333333	0.9446111111111112	119.94	153.85	33.91	12.11	18.26	6.150000000000002
2015	2167	12403w	2457259.766481481	2457264.7521296297	58	141.51258620689654	15.100689655172413	0.3795555555555555	0.5783888888888888	120.45	155.42	34.969999999999985	13.65	16.61	2.959999999999999
2015	2167	12406o	2457263.760914352	2457267.9322337965	8	82.70750000000001	8.6	0.2947777777777778	0.6029444444444445	82.43	82.8	0.36999999999999034	7.88	8.84	0.96
1978	1671	1242	2443725.8786689816	2443736.9001041665	113	172.84973451327434	18.30761061946903	0.08600000000000002	0.8708888888888888	164.52	176.88	12.359999999999985	17.0	26.81	9.809999999999999
2015	2169	12434p	2457313.9581944444	2457317.783912037	9	140.41444444444446	24.28111111111111	0.2431111111111111	0.5781666666666666	130.56	144.37	13.810000000000002	22.69	28.25	5.559999999999999
2015	2170	12450o	2457342.859398148	2457350.6784722223	78	108.47423076923079	-20.47846153846154	0.3023888888888889	0.6979444444444444	87.48	120.1	32.61999999999999	-23.31	-16.7	6.609999999999999
2015	2171	12465s	2457369.8746412043	2457374.8649652777	38	127.73289473684208	12.406578947368422	0.33555555555555555	0.7056111111111111	124.9	130.91	6.009999999999991	10.97	14.76	3.789999999999999
2015	2171	12468n	2457371.836793981	2457375.8502199072	23	119.20478260869565	-20.803478260869564	0.4291111111111111	0.7170555555555556	113.16	123.61	10.450000000000003	-21.69	-20.24	1.4500000000000028
2015	2171	12470m	2457372.8925347216	2457379.861516204	28	39.15071428571429	17.945	0.10944444444444447	0.5543888888888888	34.31	49.6	15.29	13.46	22.02	8.559999999999999
1978	1671	1248	2443731.947037037	2443737.921909722	5	113.5	13.532	0.2353333333333333	0.6457222222222222	110.49	115.59	5.1000000000000085	9.57	16.09	6.52
1978	1672	1285m	2443752.9223611117	2443757.014664352	12	179.29	16.551666666666666	0.13966666666666666	0.4217222222222222	177.89	181.17	3.280000000000001	14.78	18.07	3.290000000000001
1978	1673	1309	2443775.9777893517	2443786.863541667	586	209.00667235494885	37.72247440273038	0.06572222222222221	0.6941111111111111	192.92	223.46	30.54000000000002	34.96	42.14	7.18
1980	1694	2405	2444352.8272800925	2444357.972939815	25	218.40880000000004	5.1251999999999995	0.3227777777777778	0.6829444444444445	215.54	224.55	9.01000000000002	3.35	8.67	5.32
1981	1708	3115	2444740.0416782405	2444745.7272106484	11	131.63727272727272	28.729090909090907	0.2437777777777778	0.6353333333333333	129.66	134.37	4.710000000000008	25.44	29.87	4.43
1981	1709	3164	2444768.021851852	2444774.917025463	15	131.40133333333333	20.16933333333333	0.2917777777777778	0.7598888888888891	125.32	134.41	9.090000000000003	18.8	25.78	6.98
1981	1713	3358	2444869.753657408	2444872.891689814	24	227.58250000000007	18.81125	0.29444444444444445	0.5155000000000001	225.5	228.11	2.6100000000000136	14.13	20.04	5.909999999999998
1981	1714	3408	2444894.8097453704	2444900.895104166	10	260.874	17.106	0.3517222222222222	0.7547777777777779	258.25	267.82	9.569999999999993	14.34	22.31	7.969999999999999
1989	1811	5351	2447560.820138889	2447569.0524652777	27	312.6711111111111	31.51962962962963	0.11355555555555555	0.6476111111111109	296.7	319.26	22.560000000000002	29.51	35.43	5.919999999999998
1990	1833	6249	2448137.7695949073	2448144.8426851854	100	250.98080000000002	15.328999999999999	0.05972222222222224	0.5848333333333333	247.83	253.24	5.409999999999997	14.71	18.67	3.960000000000001
1990	1834	6333	2448184.043275463	2448197.936875	70	299.67542857142854	23.876285714285714	0.04122222222222223	0.9639444444444444	340.92	9.23	28.309999999999985	21.61	26.07	4.460000000000001
1990	1837	6430	2448253.7375	2448262.8644097224	605	203.27456198347107	-7.92109090909091	0.2758333333333333	0.9475	201.66	204.89	3.2299999999999898	-15.19	-6.76	8.43
1992	1855	7163c	2448754.801273148	2448757.7887731483	3	64.75333333333333	7.150000000000001	0.2628888888888889	0.4593333333333334	62.48	67.98	5.500000000000007	5.32	8.38	3.0600000000000005
1998	1936	8224m	2450953.0854166667	2450958.874699074	22	214.98727272727274	-25.176363636363636	0.3801666666666667	0.6509999999999999	204.03	234.31	30.28	-26.46	-23.67	2.789999999999999
1998	1942	8369m	2451117.901087963	2451119.041365741	3	212.3066666666667	13.86	0.3957222222222223	0.4276111111111111	209.15	218.62	9.469999999999999	13.16	14.21	1.0500000000000007
1999	1944	8426m	2451186.0300694443	2451189.2159722224	3	58.673333333333325	-17.80666666666667	0.5073888888888889	0.7032777777777778	54.22	60.9	6.68	-19.3	-14.82	4.48
2000	1959	8853	2451574.9989814814	2451582.999259259	260	243.39469230769228	-14.148615384615383	0.03455555555555555	0.6362777777777778	240.68	249.46	8.780000000000001	-16.91	-10.27	6.640000000000001
2000	1967	9159	2451793.860115741	2451805.8154050927	398	237.4243718592965	-14.500552763819096	0.1931111111111111	0.9275555555555556	229.56	260.1	30.54000000000002	-15.53	-9.53	6.0
2001	1984	9737m	2452255.126759259	2452260.981122685	62	285.59887096774196	-18.533870967741933	0.2272222222222222	0.5195555555555555	274.54	299.25	24.70999999999998	-22.9	-17.28	5.619999999999997
2002	1985	9804	2452302.891585648	2452308.9170717592	243	26.037160493827155	-20.8240329218107	0.3086666666666667	0.6123888888888889	19.94	44.6	24.66	-22.25	-17.82	4.43
