15  1974  1610     331     346
10  1974  1613     386     404
 5  1974  1618     482     495
 5  1974  1619     487     503
15  1974  1619     487     505
 5  1974  1620     507     522
 5  1974  1621     524     536
 5  1974  1622     534    548m
 5  1975  1629     601     606
 5  1975  1629     604     614
10  1975  1629     606     618
 5  1975  1629     606     620
15  1975  1630     614     627
15  1975  1630     615    628m
 5  1975  1631     619     633
 5  1975  1630     620     631
 5  1975  1632     633    657m
 5  1975  1632     650     659
 5  1976  1639     688     695
 5  1976  1639     688     696
 5  1976  1639     691    697m
 5  1976  1640     697     706
 5  1976  1642     716    721m
 5  1977  1657     849     868
 5  1977  1658     864     886
 5  1977  1659     898     923
 5  1977  1661     927     940
 5  1977  1662     946     966
 5  1977  1663     966     986
 5  1977  1663     969     985
15  1977  1663     969     986
10  1978  1663     980     997
 5  1978  1664     986    1008
 5  1978  1664     999    1024
 5  1978  1665    1011    1036
 5  1978  1665    1022    1040
 5  1978  1665    1024    1052
 5  1978  1666    1035    1078
 5  1978  1666    1040    1083
 5  1978  1666    1070    1105
 5  1978  1667    1086    1122
 5  1978  1667    1083    1122
 5  1978  1667    1095    1131
10  1978  1668   1122a    1158
 5  1978  1668    1134    1176
15  1978  1669    1151    1186
 5  1978  1669    1151    1196
 5  1978  1669   1147m    1182
 5  1978  1669    1153   1186a
 5  1978  1669    1155    1203
15  1978  1669    1160   1198m
10  1978  1669    1158    1198
 5  1978  1669    1165    1208
 5  1978  1669    1165    1218
15  1978  1669    1177    1211
10  1978  1669    1177    1221
 5  1978  1670    1196    1231
 5  1978  1670    1203    1242
15  1978  1670    1208    1239
 5  1978  1670    1221    1248
 5  1978  1671    1242   1285m
10  1978  1672    1271    1310
 5  1978  1672    1279    1301
15  1978  1673    1330    1386
 5  1978  1673    1337   1380m
 5  1978  1675    1446    1493
 5  1978  1676    1474    1525
 5  1979  1676    1502    1556
15  1979  1677    1513    1556
 5  1979  1677    1519    1568
10  1979  1677    1515    1556
 5  1979  1677    1525    1574
10  1979  1677    1534    1579
 5  1979  1677    1556    1604
 5  1979  1678    1562   1620m
 5  1979  1678    1568    1627
 5  1979  1678    1571   1620n
10  1979  1678    1574    1630
 5  1979  1678    1574    1632
 5  1979  1678    1579    1621
 5  1979  1679    1628    1685
 5  1979  1679    1638    1691
15  1979  1679    1646    1691
 5  1979  1679    1646    1697
 5  1979  1679    1649    1698
15  1979  1680    1681   1724m
10  1979  1680    1684    1734
 5  1979  1680    1689    1737
 5  1979  1680    1711    1766
 5  1979  1681    1734    1783
15  1979  1681   1741m   1783m
 5  1979  1681   1741m    1781
15  1979  1681    1740    1794
 5  1979  1681    1740    1799
 5  1979  1681    1743    1798
 5  1979  1682    1769    1817
10  1979  1682    1792    1835
10  1979  1682    1796    1858
15  1979  1683    1826    1880
 5  1979  1683    1826    1883
15  1979  1683    1853    1899
 5  1979  1683    1850    1896
 5  1979  1683    1859    1903
 5  1979  1683    1865    1907
10  1979  1684    1889    1934
 5  1979  1684    1906    1954
 5  1979  1684    1925    1983
10  1979  1685    1933    1972
 5  1979  1685    1943    1994
 5  1979  1685    1949    1981
10  1979  1685    1951    2012
 5  1979  1685    1965    2011
15  1979  1686    1997    2046
 5  1979  1686    1994    2052
 5  1979  1686    2006    2075
15  1979  1686   1941m    2065
15  1979  1686   2034n    2072
15  1979  1686   2027m    2085
 5  1979  1687    2049    2110
 5  1979  1687    2058    2119
15  1979  1687    2061    2129
15  1979  1687    2052    2112
10  1979  1688    2102    2154
15  1979  1688    2128    2175
 5  1979  1688    2128    2194
 5  1979  1689    2172    2220
 5  1979  1689    2176    2229
 5  1979  1689    2188    2220
 5  1979  1689    2202    2233
 5  1979  1690    2217    2253
15  1979  1690    2220    2260
 5  1979  1690    2220    2262
 5  1980  1690    2229    2265
10  1980  1690    2229    2270
15  1980  1690    2228    2271
15  1980  1690    2242    2262
15  1980  1690    2237    2277
10  1980  1690    2237    2280
 5  1980  1690    2245    2281
 5  1980  1690    2249    2277
 5  1980  1691    2262    2292
 5  1980  1691    2270    2311
 5  1980  1691    2277    2312
 5  1980  1691    2282   2318n
 5  1980  1692    2341    2401
 5  1980  1693    2357    2399
10  1980  1693    2359    2404
 5  1980  1693    2361    2404
 5  1980  1693   2360m    2404
10  1980  1693   2360m   2404n
15  1980  1694    2398   2455m
10  1980  1694    2451   2486m
10  1980  1695    2455    2502
 5  1980  1695    2465    2514
10  1980  1695    2465    2518
10  1980  1695    2476    2539
 5  1980  1695    2495   2535m
 5  1980  1695    2502    2565
15  1980  1695    2502    2552
10  1980  1696    2524    2563
10  1980  1696    2539   2574m
10  1980  1696    2550    2590
 5  1980  1697    2572    2620
 5  1980  1697    2576    2625
 5  1980  1697    2582    2629
10  1980  1697    2586   2632n
15  1980  1698    2607    2662
 5  1980  1698    2615    2667
 5  1980  1698    2620    2677
10  1980  1698    2625    2668
 5  1980  1698    2643   2692n
 5  1980  1699    2655    2712
10  1980  1699    2662    2699
15  1980  1699    2678   2717n
15  1980  1699    2678    2735
15  1980  1699    2692    2746
 5  1980  1699    2692   2746m
10  1980  1699    2691    2736
 5  1980  1700    2705    2754
15  1980  1700    2701    2758
 5  1980  1700    2730    2773
 5  1980  1701    2758   2800m
 5  1980  1701    2763    2800
 5  1980  1701    2776    2813
10  1980  1701   2767m    2807
 5  1980  1701   2792m    2818
15  1980  1701    2793    2841
 5  1980  1701    2801    2838
10  1980  1702    2807   2853m
 5  1980  1702    2812    2850
 5  1980  1702    2809    2856
10  1980  1703    2852    2894
 5  1980  1703    2872    2901
15  1980  1703    2872    2909
10  1980  1703    2870    2907
 5  1981  1703    2884   2925n
10  1981  1703    2888    2922
 5  1981  1704    2901    2951
 5  1981  1704    2915    2947
 5  1981  1704    2916    2956
 5  1981  1704    2930    2965
 5  1981  1704    2935    2966
 5  1981  1704    2932    2962
 5  1981  1705    2943    2978
 5  1981  1705    2947    2978
10  1981  1705    2951    2984
 5  1981  1705    2948    2987
 5  1981  1705    2962    3010
10  1981  1705    2963    3012
 5  1981  1705    2963    3013
15  1981  1705    2971    3034
 5  1981  1705    2971    3025
15  1981  1706    2978    3037
10  1981  1706    2984    3038
 5  1981  1706    2990    3043
 5  1981  1706    2990    3048
 5  1981  1706    2993    3049
10  1981  1706    3024    3064
10  1981  1706    3012    3066
10  1981  1706    3031    3074
15  1981  1706    3022    3074
10  1981  1706    3034    3087
15  1981  1706    3027    3094
10  1981  1706    3030    3073
 5  1981  1707    3035    3098
15  1981  1707    3038    3099
 5  1981  1707    3059    3106
15  1981  1707    3066    3123
 5  1981  1707    3066   3123n
 5  1981  1707    3067    3121
15  1981  1707    3067    3130
 5  1981  1707    3079    3137
10  1981  1708    3098    3142
10  1981  1708    3099    3147
10  1981  1708    3106    3152
 5  1981  1708    3123   3168m
10  1981  1708    3127   3168n
 5  1981  1709    3162    3208
15  1981  1709    3174    3211
 5  1981  1709    3174    3214
 5  1981  1710    3190   3248m
 5  1981  1710    3188    3241
10  1981  1710    3218    3269
 5  1981  1710    3220   3265n
 5  1981  1710    3228    3276
 5  1981  1711    3238    3291
 5  1981  1711    3247    3295
 5  1981  1711    3261    3303
15  1981  1711    3269    3328
 5  1981  1711    3268    3323
 5  1981  1711    3268    3317
15  1981  1712    3295    3355
 5  1981  1712    3298    3362
 5  1981  1712    3311    3370
 5  1981  1712    3313    3367
 5  1981  1712    3317    3382
 5  1981  1712    3317    3386
15  1981  1712    3323    3386
 5  1981  1712    3332    3395
 5  1981  1713    3349    3394
15  1981  1713    3349    3398
 5  1981  1713    3349   3399m
 5  1981  1713    3355    3408
 5  1981  1713    3368    3417
 5  1981  1713    3375    3424
 5  1981  1713    3392    3449
10  1981  1713    3401    3436
10  1981  1714    3433    3473
10  1981  1715    3458    3499
15  1981  1715    3460    3492
15  1981  1715    3470    3511
 5  1981  1715    3471    3511
15  1981  1715    3471    3510
 5  1981  1715    3478    3516
 5  1981  1715    3484    3522
 5  1981  1715    3492    3542
15  1981  1715    3500    3537
 5  1981  1715    3496    3537
 5  1981  1716    3537    3573
15  1981  1716    3537    3575
15  1982  1717    3562    3607
 5  1982  1717    3562    3608
 5  1982  1717    3582    3625
 5  1982  1717    3579    3625
15  1982  1718    3592    3625
 5  1982  1718    3592    3628
10  1982  1718    3607    3640
 5  1982  1718    3608    3644
15  1982  1718    3610    3649
 5  1982  1719    3634    3671
15  1982  1719    3634    3672
10  1982  1719    3645    3672
 5  1982  1719    3652    3695
10  1982  1720    3679   3722m
 5  1982  1720    3688   3722m
15  1982  1720    3702    3745
15  1982  1720    3707   3745m
 5  1982  1721    3706    3741
10  1982  1722   3761m    3792
10  1982  1722    3774    3803
 5  1982  1722    3776    3804
15  1982  1723    3788    3820
 5  1982  1723    3804    3839
 5  1982  1723    3808    3830
 5  1982  1723    3810    3845
15  1982  1724    3824   3856c
 5  1982  1724    3837    3885
10  1982  1724    3838    3880
 5  1982  1724    3838   3880m
 5  1982  1724    3839    3886
 5  1982  1725    3861   3890a
 5  1982  1725    3870    3914
 5  1982  1725    3891    3917
15  1982  1727    3948   3988m
 5  1982  1727    3949    3988
10  1982  1727    3951    3976
10  1982  1727    3963    4001
10  1982  1728    3979    4010
 5  1982  1728    3979    4012
 5  1982  1729    4014   4045a
 5  1982  1729    4032    4064
 5  1983  1734    4151   4182m
10  1983  1734    4159   4183m
 5  1983  1734    4167    4194
 5  1983  1735    4183    4210
 5  1983  1736    4216    4247
 5  1983  1736   4215c    4255
 5  1983  1737    4255    4282
 5  1983  1737    4269    4288
 5  1983  1738    4282    4314
 5  1983  1739    4304   4324c
 5  1983  1739    4313    4328
15  1983  1739    4311    4330
 5  1983  1739    4311   4328n
 5  1983  1739    4314    4331
 5  1983  1740    4335   4352m
 5  1983  1743    4384    4397
 5  1984  1744    4398    4421
10  1984  1746   4424a    4452
15  1984  1746    4450   4468a
 5  1984  1747    4471    4481
 5  1984  1748    4481    4508
 5  1984  1749    4508    4525
 5  1984  1749    4508    4529
10  1984  1751    4554    4569
10  1984  1752    4563    4571
 5  1985  1760    4637   4646m
 5  1985  1761    4647    4656
 5  1985  1761    4649   4659a
10  1985  1762    4656    4667
10  1986  1774    4726    4729
10  1986  1774    4728    4731
 5  1987  1792    4846   4853a
 5  1988  1797    4928    4939
 5  1988  1798    4934    4949
15  1988  1799    4957    4975
 5  1988  1800    4972    4995
 5  1988  1800    4986    5012
 5  1988  1802    5032    5063
15  1988  1802    5035    5059
 5  1988  1804    5096   5124m
 5  1988  1805    5105    5138
 5  1988  1805    5117    5154
15  1988  1805    5127    5153
15  1988  1806    5128    5163
 5  1988  1806    5128   5163c
 5  1988  1806    5136    5168
 5  1988  1806    5164    5192
15  1988  1806    5164    5193
 5  1988  1806    5165   5199b
10  1988  1807    5174    5205
 5  1988  1807    5174   5205b
10  1988  1807    5177   5213a
 5  1988  1807    5192    5228
 5  1988  1807    5200    5240
 5  1988  1808    5218    5258
 5  1988  1808    5223    5255
10  1988  1808    5228    5264
15  1988  1809    5260    5290
 5  1988  1809    5274    5315
 5  1988  1809    5279    5325
15  1988  1810    5281    5304
 5  1988  1810    5285    5328
 5  1988  1810    5287    5317
 5  1988  1810    5290    5324
 5  1988  1810    5294    5317
 5  1989  1811    5317    5355
10  1989  1811    5318    5354
 5  1989  1811    5325    5351
10  1989  1811    5347    5386
 5  1989  1812    5373    5409
 5  1989  1812    5373    5416
 5  1989  1812    5378    5420
 5  1989  1812    5377    5419
 5  1989  1814    5444    5474
15  1989  1814    5450    5483
 5  1989  1814    5453    5495
10  1989  1815    5484   5531m
 5  1989  1815    5484    5526
 5  1989  1815    5488    5528
 5  1989  1815    5495    5528
 5  1989  1815    5496    5536
 5  1989  1815   5481a    5522
 5  1989  1816   5513b    5565
15  1989  1816    5526    5573
10  1989  1816    5526    5578
10  1989  1816    5526   5583b
 5  1989  1816    5528    5581
 5  1989  1816    5528    5582
 5  1989  1816    5531    5583
15  1989  1816    5536    5581
 5  1989  1816    5547    5576
10  1989  1817    5567    5596
15  1989  1817    5569    5601
15  1989  1817    5576    5614
 5  1989  1817    5590    5635
 5  1989  1817    5589    5636
 5  1989  1817    5599    5645
15  1989  1818    5605    5641
 5  1989  1818    5605    5643
10  1989  1818    5614    5661
 5  1989  1818    5631    5655
 5  1989  1818    5637    5676
 5  1989  1818    5643    5687
10  1989  1818    5645   5684m
 5  1989  1818    5644    5690
 5  1989  1819    5658    5684
 5  1989  1819    5658   5684m
15  1989  1819    5658    5697
10  1989  1819    5675    5711
 5  1989  1819    5680    5723
10  1989  1819    5682    5714
 5  1989  1819    5682    5719
15  1989  1821    5738    5781
 5  1989  1821    5763    5800
 5  1989  1821    5769    5810
10  1989  1821    5767    5791
10  1989  1821    5770    5806
10  1989  1821    5781    5817
 5  1989  1821    5781    5825
15  1989  1822    5796    5836
 5  1989  1822    5810    5854
15  1989  1822    5817    5859
10  1989  1823    5838    5864
 5  1989  1823    5846    5882
 5  1990  1824    5873    5914
 5  1990  1824    5910    5936
 5  1990  1824    5904    5948
10  1990  1825    5913    5948
 5  1990  1825    5919    5960
 5  1990  1825    5920    5960
 5  1990  1825    5935    5967
10  1990  1825    5946    5973
 5  1990  1825    5948    5989
 5  1990  1826    5960    6000
 5  1990  1826    5967    6007
15  1990  1827    6000    6029
 5  1990  1827    5995    6037
 5  1990  1827    6027    6058
10  1990  1827    6026    6061
 5  1990  1827    6030    6062
 5  1990  1828    6038    6074
 5  1990  1828    6053    6077
 5  1990  1828    6062    6096
 5  1990  1829    6068    6105
 5  1990  1829    6074    6110
 5  1990  1829    6074   6105m
 5  1990  1829    6076    6119
10  1990  1829    6089    6143
 5  1990  1829    6096   6138m
 5  1990  1830    6127    6171
10  1990  1830    6129    6173
 5  1990  1831    6150    6189
 5  1990  1831    6153    6186
10  1990  1831    6155    6199
 5  1990  1831    6162    6215
 5  1990  1831    6171    6232
 5  1990  1831    6179    6231
 5  1990  1831   6167m    6209
 5  1990  1831    6201    6240
 5  1990  1832    6199    6252
10  1990  1832    6197    6249
 5  1990  1832    6209   6262b
10  1990  1832    6216    6253
 5  1990  1832    6216   6254a
15  1990  1832    6219    6263
 5  1990  1833    6252    6301
10  1990  1833   6238a    6289
10  1990  1833    6253    6300
10  1990  1833    6263    6309
 5  1990  1833    6281    6328
15  1990  1833    6284    6312
10  1990  1833    6290    6330
 5  1990  1834    6298    6327
 5  1990  1834    6298    6331
10  1990  1834    6312    6353
 5  1990  1834    6312    6362
10  1990  1834    6316   6365a
 5  1990  1834    6331    6368
 5  1990  1835    6355    6383
10  1990  1835    6358    6398
15  1990  1835    6361    6397
 5  1990  1835    6368    6413
 5  1990  1835    6371    6408
15  1990  1836    6395    6428
 5  1991  1837    6444    6484
10  1991  1838    6458    6496
 5  1991  1838    6458    6498
10  1991  1838    6464    6506
 5  1991  1838    6472    6513
10  1991  1838    6472   6517a
 5  1991  1838    6484    6530
 5  1991  1838    6484    6532
 5  1991  1840    6553    6581
15  1991  1841    6592    6631
10  1991  1842    6621    6660
 5  1991  1842    6621    6663
 5  1991  1842    6621    6667
 5  1991  1842    6619   6658m
15  1991  1842    6623    6663
 5  1991  1842    6625    6665
 5  1991  1842    6625   6666a
 5  1991  1842    6638    6679
 5  1991  1842    6660    6699
15  1991  1842    6663    6699
 5  1991  1843    6671    6716
10  1991  1843    6699    6752
 5  1991  1844    6714    6750
 5  1991  1844    6714   6756b
15  1991  1844    6739    6790
10  1991  1845    6793    6837
15  1991  1845    6791    6837
 5  1991  1845    6801    6840
 5  1991  1846    6806    6849
 5  1991  1846    6812    6852
15  1991  1846    6812   6857e
 5  1991  1846   6806a    6849
 5  1991  1846    6823   6864b
 5  1991  1846    6832    6877
 5  1991  1847    6849    6885
 5  1991  1847    6861    6902
 5  1991  1847    6872    6909
10  1991  1848    6886    6926
15  1991  1848    6904    6927
 5  1991  1848    6908    6950
 5  1991  1848    6915    6950
 5  1991  1848    6918    6950
 5  1991  1848    6921    6955
 5  1991  1849    6961    6996
10  1991  1850    6973    6999
15  1992  1851    7009    7054
 5  1992  1851    7009    7058
 5  1992  1851    7029    7068
 5  1992  1852    7050    7089
 5  1992  1852    7058    7094
 5  1992  1852    7067    7108
 5  1992  1853    7117    7138
 5  1992  1853    7117    7141
 5  1992  1853   7112a    7131
 5  1992  1854   7130d   7163c
 5  1992  1856    7185    7213
 5  1992  1856    7191    7216
 5  1992  1856    7205    7227
 5  1992  1857    7216    7241
10  1992  1857    7218   7240a
 5  1992  1858    7232    7260
 5  1992  1858    7247    7268
10  1992  1860    7281    7299
 5  1992  1860    7298    7324
 5  1992  1861    7315    7337
10  1992  1862    7348    7376
15  1992  1863    7378    7403
 5  1993  1865    7414   7434b
 5  1993  1867    7461    7489
10  1993  1868    7486    7504
 5  1993  1868    7486    7506
 5  1993  1876    7624    7641
 5  1993  1877    7640    7654
 5  1993  1877    7645    7663
 5  1994  1878    7663    7676
 5  1994  1879    7686    7697
 5  1994  1880    7693    7700
 5  1994  1881    7701    7722
 5  1994  1881    7706    7725
 5  1994  1881    7708    7726
10  1994  1885    7762    7771
 5  1994  1886    7774   7784m
 5  1994  1887    7789    7800
10  1994  1888    7794    7810
 5  1995  1891    7830   7838m
 5  1995  1899    7901   7906b
10  1995  1899    7904    7907
15  1996  1905    7944    7948
 5  1996  1916    7997    8004
10  1997  1919    8018    8020
 5  1997  1922    8039    8047
10  1997  1925    8062    8074
 5  1997  1925    8069    8078
10  1997  1926    8084    8091
15  1997  1930    8121    8129
15  1998  1932    8150    8165
10  1998  1934    8196   8215m
 5  1998  1938   8264n    8294
15  1998  1938   8284a    8311
 5  1998  1939    8299    8329
 5  1998  1939    8319    8340
15  1998  1940    8329   8349a
 5  1998  1940   8329m   8349a
 5  1998  1940    8333    8348
15  1998  1940    8340    8364
 5  1998  1940   8331a    8353
 5  1998  1940    8342    8364
 5  1998  1941   8348m    8369
 5  1998  1941    8356    8375
 5  1998  1941    8361   8385c
 5  1998  1942    8375    8395
 5  1998  1942    8378    8402
 5  1998  1943   8392b    8423
 5  1998  1943   8395a   8420b
 5  1998  1944    8417   8435m
 5  1999  1944    8428   8446m
 5  1999  1944    8428    8451
15  1999  1944    8432    8451
 5  1999  1945    8446    8467
 5  1999  1945    8449   8469m
10  1999  1945    8451   8467m
10  1999  1946    8462    8485
 5  1999  1946    8476    8498
10  1999  1946    8476   8498a
 5  1999  1947    8507    8525
 5  1999  1948    8517    8535
 5  1999  1948   8512b    8531
10  1999  1949    8526   8552m
 5  1999  1949    8537    8559
10  1999  1949    8541    8566
10  1999  1949    8559    8592
 5  1999  1949    8555    8594
 5  1999  1949    8555    8609
15  1999  1949    8558    8602
 5  1999  1949    8558   8603a
15  1999  1950    8569    8613
 5  1999  1950    8569    8614
15  1999  1950    8575   8629b
15  1999  1950    8575   8623m
 5  1999  1950    8577   8617m
 5  1999  1950   8569a   8620m
10  1999  1950    8594   8646a
 5  1999  1951    8614    8650
15  1999  1951    8617    8640
 5  1999  1951   8629a    8648
 5  1999  1952    8650    8681
10  1999  1952    8656    8675
10  1999  1952   8657a    8682
15  1999  1953    8675    8706
10  1999  1953    8680    8695
15  1999  1953   8686a   8708a
 5  1999  1953    8690    8720
 5  1999  1953    8699    8723
15  1999  1953    8700   8731m
15  1999  1954    8731   8758m
10  1999  1954   8731a   8758m
15  1999  1954    8734    8758
10  1999  1954    8734    8761
15  1999  1954    8732    8755
 5  1999  1954    8732    8758
10  1999  1955   8737c    8768
 5  1999  1955    8753   8784a
10  1999  1955    8759    8788
 5  1999  1955    8759    8790
 5  1999  1955    8760    8785
 5  1999  1956    8768    8792
10  1999  1956    8782    8807
15  1999  1957   8787m   8809m
15  1999  1957   8787m   8816n
 5  2000  1958    8826    8855
 5  2000  1958    8829    8866
10  2000  1958    8839   8869b
 5  2000  1959    8855   8892m
 5  2000  1959    8861    8892
15  2000  1959   8848a    8883
10  2000  1959    8885    8910
10  2000  1960    8904   8942a
10  2000  1960    8910    8951
10  2000  1960    8928    8967
 5  2000  1961    8933    8971
15  2000  1961    8950    8971
15  2000  1961    8951    8985
 5  2000  1961    8951    8994
 5  2000  1962    8971    9010
10  2000  1962    8987    9028
10  2000  1962    8990   9028c
 5  2000  1962    8994   9028c
 5  2000  1962    8999    9037
 5  2000  1963    9011   9046a
10  2000  1963    9025    9051
 5  2000  1963    9028   9063n
15  2000  1963    9041    9072
 5  2000  1963    9041    9070
15  2000  1963    9040   9048b
10  2000  1963    9038    9066
 5  2000  1963    9048    9075
 5  2000  1963    9042    9084
 5  2000  1964    9054    9090
 5  2000  1964    9063   9090n
 5  2000  1964    9077    9115
 5  2000  1964    9080   9122c
 5  2000  1965    9088   9122c
 5  2000  1965   9084m    9122
 5  2000  1965    9090    9128
 5  2000  1965    9097    9134
 5  2000  1965    9103   9137m
 5  2000  1965    9112   9140a
10  2000  1966   9115m    9150
10  2000  1966   9111a    9142
10  2000  1966    9125    9157
 5  2000  1966    9128   9164a
15  2000  1966    9151    9172
 5  2000  1967    9167    9203
 5  2000  1967    9169    9202
15  2000  1968    9182    9213
 5  2000  1968    9195    9212
 5  2000  1969    9212    9247
 5  2000  1969    9230    9249
 5  2000  1969    9236    9273
 5  2000  1970    9242    9282
 5  2000  1970   9246a    9285
 5  2000  1970    9254    9293
 5  2000  1970    9257   9292a
 5  2000  1970    9266    9294
 5  2000  1970    9267    9301
 5  2000  1970    9269    9308
 5  2000  1970    9280    9312
 5  2001  1971    9293    9327
 5  2001  1971    9301   9330b
 5  2001  1971    9302   9340b
 5  2001  1971    9304    9334
15  2001  1971    9304   9330b
 5  2001  1971    9306    9335
15  2001  1971    9306    9334
 5  2001  1971    9311    9347
 5  2001  1971    9314    9348
 5  2001  1972    9325    9359
 5  2001  1972   9330a   9371m
 5  2001  1973   9350m   9384m
15  2001  1973    9370    9407
 5  2001  1973    9370    9411
 5  2001  1973    9369    9402
10  2001  1973    9384   9415a
 5  2001  1974   9384m   9420m
 5  2001  1974    9387    9429
 5  2001  1974    9387    9432
 5  2001  1974    9393    9433
15  2001  1975    9433   9460a
 5  2001  1975    9433    9461
 5  2001  1975    9437    9463
10  2001  1975    9441    9468
 5  2001  1975    9447    9472
 5  2001  1976    9454   9493m
10  2001  1976    9456   9496m
15  2001  1976    9469   9493m
 5  2001  1976    9469    9499
 5  2001  1976    9463    9504
 5  2001  1976    9475    9513
 5  2001  1976    9481    9506
 5  2001  1977    9493    9529
 5  2001  1977    9489    9525
15  2001  1977   9495m    9528
 5  2001  1977    9503    9544
15  2001  1977    9503    9536
15  2001  1977    9516   9549a
 5  2001  1977    9525   9555b
10  2001  1978    9551    9572
 5  2001  1978    9541   9573a
 5  2001  1978    9545   9571b
10  2001  1978    9550    9575
15  2001  1978    9554   9573a
15  2001  1979    9576    9601
15  2001  1979    9576    9600
15  2001  1979    9577   9611n
 5  2001  1979    9577    9614
10  2001  1980    9595   9620m
 5  2001  1980    9600    9636
 5  2001  1980    9612   9656a
 5  2001  1981    9634    9676
 5  2001  1981    9635   9669m
10  2001  1981    9636    9676
 5  2001  1981    9659   9692m
15  2001  1981    9659    9692
 5  2001  1982    9678    9713
 5  2001  1982    9682    9712
 5  2001  1982    9684    9715
 5  2001  1982    9685   9716m
 5  2001  1982    9693    9721
 5  2001  1982    9697    9733
 5  2001  1983    9713    9741
10  2001  1983    9733    9773
10  2001  1984   9735m    9765
 5  2001  1984    9742    9782
 5  2001  1984    9751    9792
 5  2001  1984    9764    9794
 5  2001  1984    9765    9800
10  2002  1984    9773    9808
 5  2002  1985    9800    9837
 5  2002  1985    9795    9824
10  2002  1985    9806    9845
 5  2002  1985    9810    9852
10  2002  1985    9810    9855
 5  2002  1986    9822    9864
10  2002  1986    9825    9864
 5  2002  1986    9845    9882
 5  2002  1987    9885    9919
 5  2002  1987    9887   9926a
15  2002  1987    9886    9919
 5  2002  1987    9886    9926
 5  2002  1988    9915    9957
10  2002  1988    9919    9962
 5  2002  1988    9926    9963
 5  2002  1989    9957    9997
10  2002  1989    9967   10005
 5  2002  1990    9974  10017a
15  2002  1991  10018m  10037m
 5  2002  1991   10026  10043m
 5  2002  1991  10034a   10070
 5  2002  1992   10067   10104
10  2002  1993   10095   10134
 5  2002  1993   10095   10138
 5  2002  1993   10107   10144
 5  2002  1995   10144  10179m
 5  2002  1995   10149   10189
 5  2002  1996   10192   10212
 5  2002  1997   10214  10235m
 5  2002  1997  10205m   10234
10  2003  1998   10257   10278
 5  2003  1999   10278   10302
10  2003  1999   10287   10300
10  2003  2000   10309   10321
 5  2003  2001   10319   10336
10  2003  2002   10338  10361m
 5  2003  2002   10339   10356
 5  2003  2004   10387   10413
 5  2003  2004   10391   10413
 5  2003  2004   10397   10420
15  2003  2006   10444   10463
 5  2003  2007   10461  10475a
 5  2003  2007   10464   10484
 5  2003  2009   10488   10507
 5  2003  2011   10528   10542
 5  2003  2011   10528   10544
10  2004  2012   10542  10556n
 5  2004  2019   10654   10663
 5  2004  2021  10679m   10691
 5  2004  2022   10691   10704
 5  2004  2022   10696   10708
10  2004  2023   10700  10709m
 5  2004  2023   10700   10709
 5  2004  2024   10711  10715n
 5  2005  2025   10720   10732
10  2005  2026   10732   10741
 5  2005  2026   10736  10743a
 5  2005  2027   10741   10748
 5  2005  2028   10752   10761
 5  2005  2030   10774  10781n
 5  2005  2032   10791   10800
 5  2005  2032  10793m   10804
 5  2005  2033   10800  10808a
 5  2005  2034   10810   10815
 5  2005  2036  10820d   10830
10  2006  2038   10846  10852p
 5  2006  2043   10888  10894n
10  2007  2054   10946   10949
 5  2009  2089   11029   11032
 5  2009  2089   11029  11032m
 5  2010  2093   11045  11051m
 5  2010  2093   11048  11054o
 5  2010  2094   11057  11062p
10  2010  2096  11063o  11072m
 5  2010  2100   11099  11105o
15  2010  2100   11105   11109
 5  2010  2100   11105  11109n
10  2010  2101   11110   11119
 5  2010  2103   11124   11133
 5  2011  2106   11149   11160
 5  2011  2106   11153   11163
 5  2011  2106   11161   11172
 5  2011  2107   11167   11183
 5  2011  2109   11174   11186
 5  2011  2109   11175   11190
 5  2011  2109   11184   11201
15  2011  2109   11185   11204
 5  2011  2109   11210  11232m
 5  2011  2110   11220   11235
 5  2011  2110   11222   11236
 5  2011  2110  11222o   11236
 5  2011  2111   11236   11251
10  2011  2111   11242   11262
 5  2011  2111   11244   11265
 5  2011  2114   11283   11306
 5  2011  2114   11286   11301
 5  2011  2114   11295   11314
 5  2011  2114   11301   11328
15  2011  2114   11302   11324
 5  2011  2116   11330   11353
 5  2011  2116   11331  11343m
 5  2011  2117   11357  11377m
 5  2011  2117   11359   11376
10  2011  2117   11366   11392
 5  2011  2117   11376   11395
15  2011  2118   11384   11401
 5  2011  2118   11384   11405
 5  2012  2118   11393   11410
 5  2012  2119   11407   11417
10  2012  2119   11413   11426
 5  2012  2119  11402m   11422
 5  2012  2119  11408p   11421
10  2012  2120   11415   11427
 5  2012  2120   11420   11433
 5  2012  2120  11415t  11427o
10  2012  2120   11423   11444
 5  2012  2120   11429   11451
15  2012  2121  11423q  11444m
10  2012  2121  11423q   11442
 5  2012  2121   11442   11461
10  2012  2121   11442  11460m
 5  2012  2121  11442m   11461
 5  2012  2121   11450   11467
 5  2012  2122   11452  11467m
 5  2012  2122   11455   11475
 5  2012  2122   11466  11484m
 5  2012  2123   11476   11496
 5  2012  2123   11484   11506
 5  2012  2124   11493   11513
10  2012  2124   11496  11493m
10  2012  2124   11496   11516
 5  2012  2124   11506  11518m
 5  2012  2125   11513   11528
10  2012  2125   11522   11537
 5  2012  2126  11523n   11543
 5  2012  2126   11528   11548
10  2012  2126   11534  11554m
 5  2012  2126   11537   11558
 5  2012  2126  11535n  11555n
 5  2012  2127  11543o   11567
15  2012  2127   11551  11567n
 5  2012  2127   11554   11573
10  2012  2127   11555   11577
 5  2012  2127   11555  11577m
10  2012  2127   11560  11577n
 5  2012  2128   11575  11591m
15  2012  2128   11577  11591m
 5  2012  2128  11577m   11596
10  2012  2128  11577n   11596
 5  2012  2128   11583  11591m
 5  2012  2128   11588  11600n
15  2012  2128   11588   11603
 5  2012  2129  11580q  11600n
 5  2012  2129   11589  11604m
15  2012  2129   11596   11619
15  2012  2130   11612   11628
 5  2012  2130   11612   11629
 5  2012  2130   11623   11636
 5  2012  2130   11625   11636
 5  2012  2131   11629  11641n
10  2012  2131   11631  11644m
 5  2012  2131   11632  11644m
15  2012  2131  11631n   11653
10  2013  2132   11652   11667
 5  2013  2132   11654   11669
 5  2013  2132   11660   11671
15  2013  2132   11660   11674
15  2013  2133   11670  11681n
15  2013  2133   11678  11696m
 5  2013  2134   11691   11714
 5  2013  2134   11696  11718m
 5  2013  2135   11702  11719m
10  2013  2135   11702   11725
 5  2013  2135   11704  11727m
10  2013  2135   11713   11731
 5  2013  2135   11719   11739
 5  2013  2135  11718p  11737m
10  2013  2136   11726   11745
 5  2013  2136   11731   11755
 5  2013  2137   11755  11773m
15  2013  2137   11766   11781
 5  2013  2138   11781  11793n
 5  2013  2139   11802  11809q
 5  2013  2139   11809   11836
 5  2013  2140  11809s  11836q
 5  2013  2140   11825  11836r
15  2013  2140   11831  11836p
 5  2013  2141   11849   11868
 5  2013  2141   11849   11869
10  2013  2141   11850   11873
10  2013  2142   11876  11887n
10  2013  2142   11875   11899
 5  2013  2144   11922   11942
 5  2014  2145   11946   11968
 5  2014  2147   11986   12013
 5  2014  2147   11989   12017
 5  2014  2147   11996   12022
10  2014  2148   12005   12032
 5  2014  2148   12031  12048m
15  2014  2149   12034   12056
 5  2014  2150   12056   12081
 5  2014  2150   12057   12082
 5  2014  2151   12082   12106
15  2014  2151   12095   12111
 5  2014  2151  12095m   12113
 5  2014  2152   12113   12134
 5  2014  2152   12121   12148
 5  2014  2153   12146   12166
 5  2014  2153   12148   12167
 5  2014  2154   12149   12169
10  2014  2155   12174   12188
 5  2014  2155   12174  12188m
 5  2014  2155   12175  12193m
 5  2014  2155   12180  12193n
 5  2014  2156   12193   12210
15  2014  2156  12190n   12212
 5  2014  2156   12203  12219m
10  2014  2157   12211  12228m
 5  2014  2157  12215m   12243
 5  2014  2159   12234   12257
 5  2014  2159   12239   12258
 5  2014  2159   12250   12264
 5  2015  2159   12257   12277
15  2015  2159   12260  12277q
 5  2015  2160   12290   12303
 5  2015  2160   12293   12310
 5  2015  2161   12302  12318m
 5  2015  2161   12309   12326
 5  2015  2162   12317  12327u
10  2015  2162  12313t  12327u
10  2015  2162  12326m   12343
 5  2015  2162   12326   12342
 5  2015  2162   12326  12342m
 5  2015  2162   12325   12347
10  2015  2162  12322p   12339
 5  2015  2163   12339   12360
10  2015  2163   12345   12360
 5  2015  2163   12342   12361
10  2015  2164   12360   12373
 5  2015  2164   12360   12376
10  2015  2164   12371   12386
 5  2015  2165   12376  12391m
 5  2015  2165   12388   12395
 5  2015  2166  12391m  12403w
 5  2015  2167   12407  12419s
 5  2015  2169   12433  12443m
 5  2015  2169   12436   12454
10  2015  2169   12443   12459
10  2015  2170   12448  12459p
 5  2015  2170   12454  12465s
 5  2015  2170   12457  12470m