10	1974	1610	320	347
15	1974	1611	348	363
10	1974	1611	348	364
5	1974	1611	352	363
5	1974	1612	363	379
15	1974	1613	375	392
5	1974	1613	375	395
5	1974	1613	375	393
5	1974	1613	379	399
5	1974	1613	377	390
5	1974	1613	377	401
10	1974	1613	383	395
5	1974	1613	385	408m
5	1974	1613	385	408
10	1974	1614	393	417
10	1974	1614	401	418m
5	1974	1614	399	419m
5	1974	1614	409	419m
5	1974	1615	417	435
5	1974	1615	416	431
10	1974	1615	416m	431m
5	1974	1615	427	433m
15	1974	1615	427	431p
5	1974	1616	435	451
15	1974	1616	433	455
5	1974	1616	442	466
5	1974	1616	445	466
15	1974	1616	445	466m
5	1974	1617	452	472
5	1974	1617	452	476
15	1974	1617	452	476s
10	1974	1617	455	475p
5	1974	1617	466	480
10	1974	1618	472	488
5	1974	1618	476	488
15	1975	1625	571	579m
5	1975	1629	603	610
5	1975	1629	603	612
5	1975	1629	605	609
5	1975	1631	630	652
15	1975	1633	659m	665n
5	1975	1634	667	671
5	1976	1639	692	698
15	1976	1640	700	711
10	1977	1652	799	808
5	1977	1655	827	837
5	1977	1658	874	892
10	1977	1661	935	947
5	1977	1662	947	967
5	1977	1662	950	974
5	1978	1664	1002	1017
5	1978	1665	1031	1064
5	1978	1666	1047	1084
5	1978	1667	1084	1114
5	1978	1668	1136	1163
5	1978	1670	1192	1230m
5	1978	1670	1197	1236
10	1978	1670	1227	1248n
5	1978	1671	1246	1272
15	1978	1671	1246a	1272
5	1978	1671	1246a	1277
5	1978	1671	1246a	1275m
15	1978	1672	1296	1339
5	1978	1673	1308	1361m
10	1978	1673	1320	1383
5	1978	1673	1324	1364
5	1978	1673	1332	1374
5	1978	1673	1332	1381
5	1978	1673	1346	1391
5	1978	1673	1348	1388
15	1978	1674	1375	1404
5	1978	1674	1396	1444
15	1978	1674	1396	1452
10	1978	1675	1432	1476
5	1978	1675	1432	1479
5	1978	1675	1442	1488
5	1978	1676	1454	1506
15	1978	1676	1459	1506
5	1978	1676	1459	1508
10	1978	1676	1476	1532
15	1978	1676	1479	1532
5	1978	1676	1485	1529
10	1979	1676	1492	1548
5	1979	1676	1506	1555
5	1979	1677	1523	1570
5	1979	1677	1523	1563
5	1979	1677	1532	1583
10	1979	1678	1559	1605
5	1979	1678	1559	1617
5	1979	1678	1560	1612
5	1979	1678	1561	1619
5	1979	1678	1583	1642
15	1979	1678	1593	1644
5	1979	1678	1593	1650
5	1979	1678	1591	1657
15	1979	1678	1596m	1647
15	1979	1679	1617	1665
10	1979	1679	1612m	1682
5	1979	1679	1645	1677
5	1979	1679	1657	1709
10	1979	1679	1661	1706
5	1979	1679	1661	1707
5	1979	1679	1667	1712
10	1979	1679	1672	1709m
5	1979	1680	1677m	1723
10	1979	1681	1719	1756
15	1979	1682	1775	1820
10	1979	1682	1789m	1844
10	1979	1682	1808	1847
5	1979	1682	1818	1872
5	1979	1683	1836	1882
5	1979	1683	1841	1891
15	1979	1684	1887	1931
5	1979	1684	1887	1946
5	1979	1684	1888	1939
10	1979	1684	1888	1938
5	1979	1684	1892	1950
5	1979	1684	1917	1976
10	1979	1685	1946	1993
5	1979	1685	1939	1989
15	1979	1685	1952	2000
15	1979	1685	1966	2035
15	1979	1685	1977	2024
5	1979	1686	1992m	2036
5	1979	1686	2009	2063
5	1979	1686	2009	2064
15	1979	1686	2014	2064
5	1979	1686	2014	2066
5	1979	1686	2019	2078
5	1979	1686	2035	2086
10	1979	1686	2036	2088
10	1979	1687	2074	2134
5	1979	1687	2078	2134
15	1979	1687	2091	2147
5	1979	1687	2100	2153
5	1979	1687	2100	2164
5	1979	1688	2106	2167
15	1979	1688	2109	2153
5	1979	1688	2114	2149
10	1979	1688	2122	2181
5	1979	1688	2122	2183
10	1979	1688	2138	2205
5	1979	1688	2164	2212
5	1979	1689	2183	2223
15	1979	1689	2183	2223m
10	1979	1689	2197	2219
15	1979	1689	2204	2238m
5	1979	1689	2205	2238
5	1979	1689	2208	2247
5	1980	1690	2232	2269
15	1980	1690	2238	2276
5	1980	1690	2247	2290
15	1980	1690	2256	2287
15	1980	1691	2266	2296
5	1980	1691	2266	2298m
5	1980	1691	2276	2313
5	1980	1691	2276	2316
5	1980	1691	2290	2326
5	1980	1691	2287	2344
5	1980	1692	2319	2362m
10	1980	1692	2301m	2344
10	1980	1692	2301n	2344
10	1980	1692	2309	2340
5	1980	1692	2309	2351
5	1980	1692	2324	2367m
10	1980	1692	2335	2385
10	1980	1692	2350	2390
15	1980	1693	2351	2395n
15	1980	1693	2362	2410
5	1980	1693	2373	2449
10	1980	1694	2396	2456
5	1980	1694	2420	2464
5	1980	1694	2420	2468
15	1980	1694	2420	2464m
5	1980	1694	2411	2474
5	1980	1694	2449	2487
5	1980	1694	2438	2490
15	1980	1694	2439	2481m
5	1980	1694	2439	2481o
10	1980	1694	2448	2481o
10	1980	1694	2445	2505
15	1980	1695	2469	2516
5	1980	1695	2469	2517
5	1980	1695	2488n	2543
5	1980	1695	2505	2546
5	1980	1696	2507	2555
15	1980	1696	2516	2562
5	1980	1696	2516	2575m
5	1980	1696	2517	2567
10	1980	1696	2517	2575m
5	1980	1696	2528	2567
15	1980	1696	2528	2575m
5	1980	1696	2522	2570
15	1980	1696	2532	2571m
10	1980	1696	2529	2571m
10	1980	1696	2545	2571n
5	1980	1696	2545	2583
10	1980	1696	2544	2581
10	1980	1696	2547	2579
5	1980	1697	2562	2609
10	1980	1697	2570	2633
5	1980	1697	2575	2611
10	1980	1697	2577	2626m
10	1980	1697	2583	2618
5	1980	1697	2585	2627
10	1980	1697	2600	2650n
10	1980	1698	2633	2669
5	1980	1698	2626	2674
5	1980	1698	2645	2696
15	1980	1699	2672	2727
10	1980	1699	2675	2725
15	1980	1699	2680	2734
10	1980	1699	2696	2757
5	1980	1699	2700	2757
5	1980	1700	2708	2748
10	1980	1700	2713	2769
5	1980	1700	2725	2786
5	1980	1701	2777	2810
5	1980	1701	2777	2816
5	1980	1701	2782	2817
10	1980	1701	2797	2845
5	1980	1702	2810	2857
15	1980	1702	2816	2857
5	1980	1702	2829	2874
15	1980	1702	2842	2887
5	1980	1703	2857	2904
10	1981	1703	2874	2918
5	1981	1703	2881	2924
15	1981	1703	2890	2932m
5	1981	1703	2890	2937
10	1981	1704	2899	2942
10	1981	1704	2912	2942n
10	1981	1704	2918	2955
5	1981	1704	2926	2958
10	1981	1705	2950	2975
5	1981	1705	2950	2981
10	1981	1705	2960	3002
5	1981	1705	2951n	2992m
5	1981	1705	2973	3011
5	1981	1705	2975	3032
5	1981	1706	2986	3021
5	1981	1706	3002	3072
5	1981	1706	3003	3062n
5	1981	1707	3039	3100
5	1981	1707	3045	3103
5	1981	1707	3078	3129
10	1981	1708	3113	3158
15	1981	1709	3158	3205
5	1981	1709	3172	3221
5	1981	1709	3180	3234
10	1981	1710	3182	3227
15	1981	1710	3185	3234
15	1981	1710	3186	3237
5	1981	1710	3219	3257n
15	1981	1710	3232	3274
5	1981	1710	3232	3278
5	1981	1710	3232	3282
5	1981	1710	3230	3290
15	1981	1710	3230	3290m
5	1981	1710	3234	3284
5	1981	1710	3234	3294
5	1981	1710	3236	3299
5	1981	1711	3244	3294
10	1981	1711	3255	3292
5	1981	1711	3262	3327
10	1981	1711	3267	3314
10	1981	1711	3284	3334
5	1981	1711	3284	3341
10	1981	1712	3287	3341
5	1981	1712	3294	3334
10	1981	1712	3300	3363
10	1981	1712	3306	3361
15	1981	1712	3302	3351
5	1981	1712	3302	3359
10	1981	1712	3310	3378
15	1981	1712	3316	3369
5	1981	1712	3316	3374
5	1981	1712	3345	3404
5	1981	1713	3359	3416
10	1981	1713	3363	3416
10	1981	1713	3380	3423
5	1981	1713	3380	3420m
15	1981	1713	3385	3425m
10	1981	1713	3388	3430
5	1981	1713	3402	3452
5	1981	1713	3403	3457
15	1981	1714	3416	3461
5	1981	1714	3416	3464
10	1981	1714	3432	3477
5	1981	1714	3445	3479
5	1981	1714	3442	3489
15	1981	1714	3450	3493
5	1981	1715	3465	3498
15	1981	1715	3467	3504
5	1981	1715	3477	3523
5	1981	1715	3481	3526
5	1981	1715	3481	3527
15	1981	1716	3514	3543
5	1981	1716	3515	3553
5	1981	1716	3521	3566
15	1982	1717	3540	3583
10	1982	1717	3540	3584
5	1982	1717	3545	3583
5	1982	1717	3545	3584
5	1982	1717	3549	3600
10	1982	1717	3559	3600
5	1982	1717	3559	3601
15	1982	1717	3559	3600m
5	1982	1717	3554	3597
10	1982	1717	3576	3619
5	1982	1717	3576	3622
5	1982	1717	3578	3618
5	1982	1717	3583	3630m
15	1982	1717	3583	3630
5	1982	1718	3595	3626
15	1982	1718	3594	3635
15	1982	1718	3603	3632
10	1982	1718	3619	3657
5	1982	1718	3619	3656
5	1982	1718	3629	3664
10	1982	1719	3630	3658
5	1982	1719	3631	3664
15	1982	1719	3643	3680
5	1982	1720	3693	3717
10	1982	1721	3709	3731
5	1982	1721	3714	3750
10	1982	1721	3717	3764m
5	1982	1721	3717	3754
5	1982	1721	3717	3754m
10	1982	1721	3734a	3763m
5	1982	1722	3751	3780
5	1982	1722	3753	3782c
5	1982	1722	3763	3794
10	1982	1722	3763	3799
5	1982	1722	3767	3795
5	1982	1722	3767	3795m
5	1982	1722	3783	3802
15	1982	1723	3789	3815
5	1982	1723	3789	3819
15	1982	1723	3809	3844
10	1982	1723	3809	3852
15	1982	1724	3829	3875a
5	1982	1724	3844	3889m
10	1982	1725	3856	3890b
5	1982	1725	3856	3895
10	1982	1725	3837m	3882
5	1982	1725	3879	3919
5	1982	1725	3883	3921
5	1982	1726	3902	3937
10	1982	1726	3919	3955
15	1982	1726	3921	3964
5	1982	1727	3946	3977
5	1982	1727	3961	3997
15	1982	1727	3961	4001d
10	1982	1728	3987	4017
5	1982	1728	3995	4017
15	1982	1728	3994	4025
10	1982	1728	4000	4031
5	1982	1729	4007	4033
10	1982	1729	4026	4053m
10	1982	1729	4033	4068
5	1983	1731	4072	4092
10	1983	1731	4072	4095
5	1983	1731	4075	4103
5	1983	1731	4077	4098
15	1983	1731	4077	4103
5	1983	1731	4079	4102
10	1983	1732	4095	4118
5	1983	1732	4095	4116m
5	1983	1732	4095	4121
5	1983	1732	4103	4123
15	1983	1732	4102	4125
5	1983	1732	4104	4127
5	1983	1732	4106	4120
5	1983	1732	4105	4131
5	1983	1733	4121	4149
15	1983	1733	4121	4149m
10	1983	1733	4128a	4150a
5	1983	1733	4134	4150
15	1983	1733	4134	4149a
15	1983	1733	4137	4163
5	1983	1734	4149	4176
15	1983	1734	4149m	4172
10	1983	1734	4153	4184a
10	1983	1734	4156	4192
10	1983	1734	4157	4193a
15	1983	1734	4162	4192
10	1983	1734	4162	4193
5	1983	1734	4165	4199
5	1983	1735	4184	4206b
5	1983	1735	4188	4208n
10	1983	1735	4193	4213b
15	1983	1735	4199	4219
5	1983	1735	4199	4222c
5	1983	1736	4204	4234
15	1983	1736	4222c	4252n
10	1983	1736	4224	4260
15	1983	1736	4225	4250m
10	1983	1737	4236	4267a
10	1983	1737	4249	4279
15	1983	1737	4251	4280
5	1983	1737	4251	4278a
5	1983	1737	4260	4278
5	1983	1737	4256	4281
5	1983	1737	4263	4293
15	1983	1737	4263	4299a
10	1983	1737	4267	4296
15	1983	1737	4268	4299
5	1983	1738	4280	4306
5	1983	1738	4279	4312
5	1983	1738	4296	4323a
15	1983	1739	4300	4323a
5	1983	1739	4307	4332
5	1983	1739	4310	4332m
5	1983	1739	4313n	4334
5	1983	1739	4320	4337b
10	1983	1739	4327	4342
5	1983	1739	4327	4342a
5	1983	1740	4332	4351
10	1983	1741	4360	4372
10	1984	1743	4388	4409
5	1984	1744	4392	4414
5	1984	1744	4393	4413
5	1984	1744	4396	4417
5	1984	1744	4408	4427
10	1984	1744	4413	4431
15	1984	1744	4414	4430
5	1984	1744	4414	4431
5	1984	1746	4431	4460
5	1984	1746	4455	4474
5	1984	1747	4469	4487
15	1984	1748	4482	4503
15	1984	1748	4484	4507
5	1984	1749	4509	4536
15	1984	1749	4509	4532
5	1984	1749	4513	4539
5	1984	1750	4537	4553
5	1984	1752	4567	4579b
5	1984	1752	4572	4580
5	1984	1755	4588a	4601
10	1984	1755	4600	4609a
5	1985	1757	4617	4626
5	1985	1762	4665	4674
10	1986	1770	4710	4711
10	1986	1771	4712	4714
10	1986	1771	4713	4717
15	1986	1780	4748	4754
15	1986	1780	4749	4754
5	1987	1791	4824	4841
5	1987	1791	4835	4847
5	1987	1792	4849	4859
10	1987	1794	4869	4882
5	1987	1794	4869	4888
5	1987	1794	4881	4891
5	1987	1795	4896	4906
10	1987	1796	4910	4922a
15	1988	1797	4921	4943a
5	1988	1801	5001	5025
10	1988	1801	5002	5028
5	1988	1801	5003	5025
5	1988	1801	5005	5028
15	1988	1802	5027	5054m
5	1988	1802	5027	5055
10	1988	1803	5047	5074
5	1988	1803	5056	5077
15	1988	1804	5081	5108
5	1988	1804	5081	5113
5	1988	1806	5131	5169
10	1988	1806	5137	5175
15	1988	1808	5227	5261a
5	1988	1808	5227	5263
5	1988	1809	5246	5275
15	1988	1809	5247	5272
5	1988	1809	5275	5312
15	1988	1810	5282	5319
10	1988	1810	5288	5312
5	1988	1810	5292	5326
5	1988	1810	5301	5330
5	1989	1810	5310	5339
5	1989	1810	5311	5340
15	1989	1810	5312	5341
5	1989	1811	5330	5382
5	1989	1811	5335	5368
5	1989	1812	5356	5398
5	1989	1812	5349a	5380a
5	1989	1813	5398	5438
10	1989	1813	5414	5449m
5	1989	1813	5417	5454
5	1989	1813	5414m	5449
5	1989	1813	5428	5464
5	1989	1814	5444d	5482
5	1989	1814	5460	5494
10	1989	1814	5464	5510
5	1989	1815	5480	5515
5	1989	1815	5481	5521
5	1989	1815	5497	5550
10	1989	1815	5500	5530
5	1989	1815	5505	5552
15	1989	1816	5511	5556
5	1989	1816	5511	5561
5	1989	1816	5515	5556
5	1989	1816	5521	5574
5	1989	1816	5521	5572
15	1989	1816	5524	5572
5	1989	1816	5533	5586
5	1989	1817	5572	5612
15	1989	1818	5629	5669
10	1989	1819	5653	5702
5	1989	1819	5653	5699
15	1989	1819	5671	5708
5	1989	1819	5671	5712
5	1989	1820	5702	5740
5	1989	1820	5698	5744
5	1989	1820	5712	5761
10	1989	1821	5740	5783m
10	1989	1821	5739	5787
15	1989	1821	5768	5802
5	1989	1821	5775	5805
5	1989	1822	5809	5857
10	1989	1822	5814	5849
10	1989	1822	5822	5860
15	1989	1823	5823	5857b
5	1989	1823	5844	5874m
5	1989	1823	5853	5897
5	1990	1824	5867	5892c
10	1990	1824	5870	5918
5	1990	1824	5900	5941
10	1990	1824	5903	5937
10	1990	1824	5908	5941
10	1990	1824	5902	5931
5	1990	1825	5917	5941
5	1990	1825	5922	5953
5	1990	1825	5941	5980
5	1990	1825	5942	5983
15	1990	1825	5947	5984
10	1990	1825	5953	5988
5	1990	1825	5954	5979a
5	1990	1826	5963	5996
5	1990	1826	5965	5999
5	1990	1826	5974	6018
5	1990	1826	5984	6021
10	1990	1826	5979a	6024m
5	1990	1827	5998	6043
5	1990	1827	6024	6065
5	1990	1827	6021	6066
15	1990	1827	6031	6066
5	1990	1828	6034	6069
5	1990	1828	6043	6069
5	1990	1828	6042	6070m
5	1990	1828	6043m	6070
15	1990	1828	6051	6082
5	1990	1828	6054	6088
5	1990	1828	6066	6098
5	1990	1828	6064	6100
10	1990	1829	6078	6114
5	1990	1829	6090	6131
15	1990	1829	6090	6134a
5	1990	1829	6093	6120
5	1990	1830	6107	6149
5	1990	1830	6122	6164
5	1990	1830	6137	6174
5	1990	1830	6142	6188a
5	1990	1830	6126a	6172
5	1990	1831	6157	6192
5	1990	1831	6170	6208a
5	1990	1831	6176	6206
15	1990	1831	6176	6220
10	1990	1831	6172	6226
5	1990	1831	6172	6227
5	1990	1831	6192	6237
5	1990	1832	6194	6242
15	1990	1832	6205	6246
10	1990	1832	6214	6257
5	1990	1832	6224	6264
5	1990	1832	6227	6275
15	1990	1832	6236c	6267
5	1990	1832	6238	6285
10	1990	1832	6242	6283a
10	1990	1832	6241	6291
10	1990	1833	6262	6302
5	1990	1833	6275	6321
15	1990	1833	6279	6322
10	1990	1834	6299	6337
5	1990	1834	6306	6356
15	1990	1834	6313	6357
5	1990	1834	6318	6349
5	1990	1834	6319	6359
15	1990	1835	6350	6382
5	1990	1835	6350	6393
5	1990	1835	6349	6385
5	1990	1835	6349	6391a
10	1990	1836	6382	6422
10	1990	1836	6400	6423
10	1990	1836	6402	6427
5	1990	1836	6407	6430
5	1990	1837	6424	6459
5	1990	1837	6430	6463
5	1990	1837	6432	6474
10	1991	1837	6445	6473
5	1991	1837	6445	6477
15	1991	1837	6445	6471b
10	1991	1837	6445	6474a
10	1991	1837	6455	6502
10	1991	1837	6455	6501
10	1991	1838	6462	6504
5	1991	1838	6462	6509
10	1991	1838	6469	6517
10	1991	1838	6470	6500
15	1991	1838	6470	6491a
5	1991	1838	6471	6516
15	1991	1838	6473	6524
10	1991	1839	6504	6548
5	1991	1839	6504	6554a
5	1991	1839	6508	6556
5	1991	1839	6511	6538
5	1991	1839	6516	6560
5	1991	1839	6537	6575
5	1991	1839	6533	6557
5	1991	1839	6538	6566
10	1991	1839	6542	6568
10	1991	1840	6556	6598
5	1991	1840	6555	6596
5	1991	1840	6555	6602
5	1991	1840	6584	6616
5	1991	1840	6572	6610
5	1991	1840	6568	6615
10	1991	1840	6570	6615
5	1991	1841	6593	6630
5	1991	1841	6599	6632
5	1991	1841	6602	6632b
10	1991	1841	6603	6641
5	1991	1841	6615	6652
5	1991	1841	6615	6655
5	1991	1842	6624	6668
5	1991	1842	6624	6668c
5	1991	1842	6632	6668c
10	1991	1842	6632b	6666c
5	1991	1842	6633	6677
5	1991	1842	6651	6688
5	1991	1843	6668	6707
5	1991	1843	6673	6718
5	1991	1843	6676	6724
5	1991	1843	6682	6722
5	1991	1843	6700	6740
5	1991	1844	6736	6782
5	1991	1844	6736	6783a
10	1991	1844	6742	6782
5	1991	1845	6753	6781
5	1991	1845	6758	6809
5	1991	1845	6768	6816
5	1991	1845	6771	6807
10	1991	1845	6778	6822
5	1991	1845	6784	6824
5	1991	1846	6807	6842
5	1991	1846	6811	6851
5	1991	1846	6815	6848
15	1991	1846	6818	6848
5	1991	1846	6818	6850
5	1991	1846	6828	6871
5	1991	1846	6835	6873
5	1991	1847	6842	6885b
15	1991	1847	6850	6898
5	1991	1847	6853	6892
15	1991	1847	6876	6899
10	1991	1848	6884	6919
10	1991	1848	6892	6938
5	1991	1848	6899	6941
5	1991	1848	6899	6940
15	1991	1848	6901	6933
15	1991	1848	6901	6932
10	1991	1848	6906	6943a
5	1991	1848	6914	6951a
5	1991	1849	6925	6954
15	1991	1849	6929	6983
15	1991	1849	6930	6966
15	1991	1849	6960	6993
5	1991	1849	6960	6994
10	1991	1850	6970	6993
5	1991	1850	6983	7013
10	1991	1850	6985	7023
5	1991	1850	6988	7024
5	1991	1850	6991	7033
10	1991	1850	6994	7036
15	1992	1851	7007	7048
5	1992	1851	7010	7042
5	1992	1851	7012	7060
10	1992	1851	7012	7061
5	1992	1851	7033	7072
15	1992	1851	7033	7083
5	1992	1851	7035	7078
5	1992	1851	7042	7081
10	1992	1852	7055	7081m
15	1992	1852	7056	7091
5	1992	1852	7065	7093
5	1992	1852	7062	7091
5	1992	1852	7072	7114
5	1992	1852	7083	7109a
10	1992	1852	7088	7118
5	1992	1853	7091	7123
10	1992	1853	7100	7125
5	1992	1853	7116	7135a
10	1992	1853	7120	7140
5	1992	1853	7120	7142
10	1992	1854	7122	7139
5	1992	1854	7122	7140
5	1992	1854	7123	7151
5	1992	1854	7132	7165
5	1992	1854	7143	7179
5	1992	1855	7150	7175
15	1992	1855	7150	7179
10	1992	1855	7150n	7175a
5	1992	1855	7167	7195
5	1992	1855	7171	7197
5	1992	1856	7195	7219
5	1992	1857	7214	7239
5	1992	1858	7234	7256
5	1992	1858	7248	7270
10	1992	1858	7248	7271
10	1992	1859	7256a	7288
5	1992	1859	7270	7294
5	1992	1859	7272	7289
10	1992	1860	7288	7311
5	1992	1860	7291	7313
5	1992	1860	7301	7325
10	1992	1861	7311	7339
5	1992	1861	7316	7340
5	1992	1862	7332	7350
5	1992	1862	7335	7355
5	1992	1862	7335	7357
5	1992	1862	7342	7363
5	1992	1862	7346	7369
10	1992	1863	7360	7394
10	1992	1863	7356m	7379
5	1992	1863	7362	7386
5	1992	1863	7371	7391
5	1993	1864	7388	7407
15	1993	1864	7394	7412
10	1993	1865	7420	7440
5	1993	1866	7440	7465
10	1993	1867	7465	7497
5	1993	1867	7466	7488
5	1993	1867	7469	7493
5	1993	1868	7483	7509
10	1993	1868	7497	7513m
15	1993	1869	7518	7530
10	1993	1870	7518n	7534
15	1993	1871	7553	7566
10	1993	1873	7585	7604a
5	1993	1874	7592	7612
10	1993	1874	7588c	7607
5	1993	1874	7597	7617
5	1993	1875	7613	7623
5	1993	1876	7629	7647
5	1993	1876	7630	7646
15	1993	1876	7634	7646
5	1993	1877	7647	7660a
5	1994	1877	7645a	7662
5	1994	1879	7683	7696
5	1994	1880	7696	7702
15	1994	1885	7765	7776
5	1994	1886	7773	7783
10	1994	1889	7807	7813
5	1994	1889	7811	7818
5	1994	1890	7815	7823
5	1994	1890	7818	7827
5	1995	1891	7822	7829
15	1995	1891	7832	7843
5	1995	1892	7834	7847
15	1995	1893	7846	7858
5	1995	1894	7863	7869
15	1996	1908	7958	7962
10	1996	1908	7958	7964m
10	1996	1911	7978	7981
15	1997	1928	8098a	8109
5	1998	1932	8152	8171m
5	1998	1932	8158	8178
5	1998	1932	8158	8181
5	1998	1933	8173	8190
5	1998	1933	8179	8194
5	1998	1933	8180	8195
10	1998	1933	8182	8200
5	1998	1934	8193	8216
10	1998	1935	8210	8226a
5	1998	1935	8218	8232
5	1998	1937	8241	8265
10	1998	1937	8256	8280
5	1998	1939	8293	8323
15	1998	1939	8301	8328
5	1998	1939	8323	8346a
10	1998	1941	8354	8373
5	1998	1941	8354	8374
15	1998	1941	8354	8379
15	1998	1942	8370	8384
5	1998	1942	8379	8393
5	1998	1942	8383	8405
5	1998	1942	8384	8406
15	1998	1943	8383b	8412
5	1998	1943	8404	8425
5	1998	1943	8409	8431
5	1999	1944	8439	8458
5	1999	1945	8448m	8470
5	1999	1946	8478	8503a
5	1999	1946	8479	8503a
5	1999	1946	8483	8502m
10	1999	1947	8495	8516
10	1999	1947	8488a	8511m
5	1999	1949	8534	8564
10	1999	1949	8544	8580
5	1999	1949	8548	8588
5	1999	1950	8562	8603
5	1999	1950	8576	8615
5	1999	1950	8601	8634
15	1999	1951	8615	8648a
5	1999	1951	8603m	8642
5	1999	1951	8627	8664a
5	1999	1952	8645	8673
5	1999	1952	8662	8694
5	1999	1953	8673	8704
5	1999	1954	8713	8745
15	1999	1954	8713	8750
10	1999	1954	8713	8750m
10	1999	1955	8733b	8754
15	1999	1955	8737	8763
5	1999	1955	8737	8765
5	1999	1955	8739	8771
5	1999	1955	8749	8780a
15	1999	1955	8749	8783m
10	1999	1956	8770	8795
5	1999	1957	8798	8824
5	1999	1957	8804	8831
5	2000	1958	8827	8853
5	2000	1958	8831	8863
10	2000	1958	8832	8856
10	2000	1958	8834	8853
5	2000	1958	8840	8873
5	2000	1958	8840	8875
10	2000	1958	8837	8862
15	2000	1958	8847	8875
15	2000	1959	8856	8899
5	2000	1959	8857	8891
5	2000	1959	8871	8898
5	2000	1959	8871	8903
15	2000	1959	8867	8903
5	2000	1959	8867	8907
10	2000	1959	8869m	8906
5	2000	1959	8886	8919
5	2000	1960	8900	8932
15	2000	1960	8903	8938
5	2000	1960	8903	8939a
5	2000	1960	8906	8948
5	2000	1960	8913	8953
10	2000	1960	8921	8968
5	2000	1960	8925	8967a
5	2000	1961	8932	8977
5	2000	1961	8948	8984
10	2000	1961	8965	8998
15	2000	1962	8977	9009
5	2000	1962	8974	8996
5	2000	1962	8980	9017
5	2000	1962	8984	9022a
5	2000	1962	9003	9032
5	2000	1962	9008	9052
5	2000	1963	9022	9057a
5	2000	1963	9035	9068
5	2000	1964	9052	9079
5	2000	1964	9044a	9069
10	2000	1964	9050	9082
5	2000	1964	9058	9087
10	2000	1964	9062	9101
5	2000	1964	9057a	9106
5	2000	1964	9069	9107
5	2000	1964	9073	9110
5	2000	1965	9087	9124
5	2000	1965	9092	9130
15	2000	1965	9119	9145
5	2000	1966	9124	9159
5	2000	1966	9135	9159
15	2000	1966	9154	9173a
5	2000	1967	9156	9181
5	2000	1967	9159	9184
5	2000	1967	9166	9194
5	2000	1967	9176	9208
10	2000	1967	9176	9208m
10	2000	1968	9184	9214
5	2000	1968	9190	9221
5	2000	1968	9209	9239
10	2000	1969	9214	9239a
5	2000	1969	9214	9243
5	2000	1969	9227	9254a
15	2000	1969	9227	9259n
5	2000	1969	9231	9264
15	2000	1969	9238	9264
15	2000	1970	9243	9280a
5	2000	1970	9271	9295m
5	2000	1971	9291	9321a
10	2001	1971	9308a	9337
10	2001	1972	9325b	9360
5	2001	1973	9353	9381
5	2001	1973	9364	9389
5	2001	1973	9365	9397
5	2001	1973	9373	9420
10	2001	1973	9373	9427
15	2001	1974	9405	9431
10	2001	1974	9389	9431
10	2001	1974	9396	9434m
10	2001	1974	9417	9450
5	2001	1974	9424	9449
5	2001	1974	9417m	9450
5	2001	1975	9446	9464
15	2001	1976	9458	9494
5	2001	1976	9483	9512
5	2001	1977	9494	9521
5	2001	1977	9509	9539m
15	2001	1977	9515	9549
5	2001	1978	9539	9572a
10	2001	1979	9557	9591
15	2001	1979	9569	9599
10	2001	1979	9574	9611a
5	2001	1979	9581	9608a
5	2001	1979	9587	9616
5	2001	1979	9588	9608
5	2001	1979	9592	9615a
5	2001	1979	9591	9628
15	2001	1980	9604	9628
5	2001	1980	9604	9632
15	2001	1980	9608a	9656
10	2001	1980	9613	9637
5	2001	1980	9628	9670
10	2001	1981	9632	9670
5	2001	1981	9653	9687
10	2001	1982	9672	9711
5	2001	1982	9690	9726
15	2001	1982	9699	9718
5	2001	1982	9699	9723
5	2001	1982	9704	9737m
5	2001	1982	9704	9738
5	2001	1983	9710	9744
5	2001	1983	9714	9748
10	2001	1983	9718	9755
10	2001	1983	9725	9749
5	2001	1983	9736	9766a
5	2001	1983	9736	9765a
5	2001	1984	9738	9778
5	2001	1984	9738	9775m
15	2001	1984	9738	9772m
5	2001	1984	9737b	9775n
5	2001	1984	9748	9783
10	2001	1984	9754	9787
5	2001	1984	9753	9793
5	2001	1984	9767	9804
5	2002	1984	9768	9798
10	2002	1984	9769	9797
5	2002	1984	9775	9809
5	2002	1985	9787	9829
5	2002	1985	9802	9847
10	2002	1985	9816	9847
5	2002	1985	9811	9853
5	2002	1986	9821	9859
5	2002	1986	9830	9871
5	2002	1986	9835	9866
5	2002	1986	9839	9871a
10	2002	1986	9842	9871a
5	2002	1986	9840m	9876
10	2002	1987	9870	9898
5	2002	1987	9871	9906
10	2002	1987	9873	9902c
5	2002	1987	9876	9913
15	2002	1987	9881	9907
5	2002	1988	9900	9927
5	2002	1988	9904	9936
5	2002	1988	9905	9934
10	2002	1988	9906	9943
10	2002	1988	9907	9946
5	2002	1988	9910	9948
5	2002	1988	9924	9955
5	2002	1989	9934	9973
5	2002	1989	9932	9980
5	2002	1989	9945	9982
10	2002	1989	9946a	9990
15	2002	1990	9978	10016
5	2002	1990	9992	10028
10	2002	1990	10004	10029
15	2002	1990	10008	10035
5	2002	1990	10008	10036
15	2002	1991	10009	10028
5	2002	1991	10016	10039
5	2002	1991	10019	10051
5	2002	1991	10028	10058m
5	2002	1991	10035	10068
5	2002	1992	10039	10084
5	2002	1992	10044	10084
5	2002	1992	10057	10087
10	2002	1992	10072	10096
15	2002	1993	10084	10119
5	2002	1993	10099	10138m
10	2002	1993	10100	10137
15	2002	1993	10114	10140
5	2002	1994	10115	10151a
5	2002	1994	10119	10154
5	2002	1994	10117	10158
5	2002	1994	10122	10159
10	2002	1994	10122	10160
10	2002	1994	10123	10154
5	2002	1994	10127	10159
5	2002	1994	10137	10169
5	2002	1994	10143	10172
5	2002	1995	10160	10191
5	2002	1995	10173	10195
5	2002	1996	10185	10216a
5	2002	1996	10191	10215
5	2002	1996	10194	10218
10	2002	1996	10194	10220
5	2002	1996	10198	10224
15	2002	1996	10207	10239a
10	2002	1997	10216	10243
15	2002	1997	10218	10249
10	2002	1997	10224	10255
5	2002	1997	10224	10251
5	2002	1997	10226	10250
10	2002	1998	10239	10269
5	2002	1998	10239	10272
10	2002	1998	10240	10272
15	2003	1998	10243	10267
5	2003	1998	10241	10267
5	2003	1998	10242	10274
5	2003	1998	10247	10276
5	2003	1998	10250	10277
5	2003	1998	10263	10285
5	2003	1999	10276	10304
10	2003	2000	10304	10324
5	2003	2000	10310	10324
15	2003	2000	10310	10328
5	2003	2001	10317b	10334b
5	2003	2001	10323	10340
15	2003	2001	10328	10341
10	2003	2001	10327	10340
5	2003	2002	10337	10362
5	2003	2002	10348	10368
5	2003	2002	10357	10380
5	2003	2003	10365	10386
5	2003	2003	10376	10393
5	2003	2004	10396	10414
5	2003	2004	10401	10425
15	2003	2004	10401	10425m
5	2003	2005	10410	10431
15	2003	2005	10424	10449
5	2003	2006	10431	10457
15	2003	2007	10457	10471
5	2003	2007	10456	10471
5	2003	2008	10474	10489
10	2003	2008	10471	10493
5	2003	2008	10471	10493m
5	2003	2009	10498	10515
5	2003	2009	10508	10523
5	2003	2010	10510	10530
15	2004	2012	10543	10555
5	2004	2013	10565	10577
5	2004	2015	10601	10618
10	2004	2016	10618	10635
10	2004	2016	10619	10633
5	2004	2017	10632	10642
15	2004	2017	10631	10639n
10	2004	2017	10631	10643
5	2004	2017	10635	10650
5	2004	2018	10649	10656m
15	2004	2019	10655	10666m
10	2004	2019	10656	10667
5	2004	2020	10664	10673m
10	2004	2020	10664	10673n
5	2004	2022	10684	10705
10	2004	2022	10698	10706
5	2004	2023	10702	10710
5	2004	2023	10704s	10714
5	2004	2024	10710	10716m
10	2004	2024	10713	10724
5	2005	2025	10727	10737n
5	2005	2026	10729	10740
5	2005	2026	10733	10742
5	2005	2027	10739m	10745m
5	2005	2029	10756	10767
5	2005	2030	10767	10780
5	2005	2030	10779	10789b
5	2005	2031	10783	10793n
5	2005	2031	10782	10790e
5	2005	2034	10808	10814
15	2005	2035	10812b	10815o
5	2005	2036	10822	10834
5	2005	2037	10826	10840
10	2005	2037	10833	10840o
10	2005	2037	10836	10843a
5	2005	2037	10837	10847
5	2005	2037	10835c	10845m
5	2006	2038	10848	10854n
10	2006	2039	10848q	10854b
5	2006	2039	10853	10856
15	2006	2040	10857a	10866
5	2006	2040	10860	10871
15	2006	2041	10861a	10873
5	2006	2041	10866	10877
5	2006	2041	10867	10876
5	2006	2041	10869	10882
10	2006	2042	10882	10887
15	2006	2044	10891a	10898
5	2006	2046	10903	10909
5	2006	2046	10903	10907
5	2006	2046	10904	10908
10	2006	2047	10909	10914
5	2007	2053	10944	10947q
5	2007	2056	10955	10960
5	2007	2058	10963	10966
5	2007	2064	10978	10980
5	2008	2067	10985	10989
5	2009	2082	11016	11017m
5	2010	2094	11052	11056m
5	2010	2100	11100n	11106
5	2010	2102	11112	11121
5	2010	2104	11129	11135p
10	2011	2107	11165	11176
5	2011	2109	11195	11216
15	2011	2110	11213	11233
5	2011	2110	11221	11234
5	2011	2111	11240	11254m
5	2011	2115	11303	11317
5	2011	2115	11313	11338
5	2011	2115	11327	11346
5	2011	2116	11338	11363m
15	2011	2116	11344m	11363m
15	2011	2116	11346	11374
10	2011	2118	11382m	11397m
5	2012	2119	11403m	11418p
5	2012	2120	11416	11428m
5	2012	2120	11418	11428p
10	2012	2121	11449	11465
5	2012	2122	11454	11480m
5	2012	2122	11462	11477
5	2012	2122	11465	11485
5	2012	2122	11469	11488m
15	2012	2122	11469	11486m
10	2012	2122	11459p	11483m
5	2012	2123	11469q	11486o
5	2012	2123	11483	11507
5	2012	2123	11490	11510o
5	2012	2124	11507	11515n
15	2012	2124	11504	11519n
5	2012	2124	11509	11519
5	2012	2125	11515	11530
5	2012	2125	11515m	11532
5	2012	2125	11520	11539
5	2012	2125	11521	11539
15	2012	2126	11532	11552
5	2012	2126	11539	11562
10	2012	2126	11544	11563
5	2012	2127	11562	11576m
10	2012	2127	11564	11582
5	2012	2129	11598	11613q
10	2012	2130	11617	11627o
5	2012	2130	11620	11634
5	2012	2131	11627n	11642
5	2013	2132	11645	11663
15	2013	2134	11686	11705
5	2013	2134	11689	11711
5	2013	2134	11698	11716
5	2013	2135	11703	11722
5	2013	2136	11730	11754m
10	2013	2136	11736	11757
5	2013	2137	11756	11774m
5	2013	2137	11756	11775m
10	2013	2138	11774	11791
15	2013	2138	11777	11798
5	2013	2138	11780	11800m
5	2013	2138	11780	11803
10	2013	2138	11780	11800
5	2013	2138	11785	11806m
5	2013	2138	11788	11806m
15	2013	2139	11804	11819
5	2013	2139	11800m	11820m
5	2013	2139	11800	11820m
5	2013	2140	11817	11837n
5	2013	2140	11818	11838
5	2013	2140	11823	11841
15	2013	2140	11824	11840
5	2013	2140	11818n	11840
10	2013	2141	11840	11857
5	2013	2142	11861	11890
5	2013	2142	11866m	11885
10	2013	2142	11872	11895
10	2013	2142	11878	11892
5	2013	2142	11874m	11895
15	2013	2143	11884	11907
5	2013	2143	11885	11913
10	2013	2143	11893	11912m
5	2013	2143	11895	11917
10	2013	2143	11901	11912
5	2013	2143	11895n	11918
15	2013	2144	11909	11936
10	2013	2144	11916	11938
5	2013	2144	11928	11949
10	2013	2145	11934	11955
5	2013	2145	11936	11960
5	2013	2145	11936	11964
10	2013	2145	11938	11966
15	2013	2145	11940	11958
10	2013	2145	11941	11964
15	2014	2145	11955	11977
15	2014	2146	11969	11988a
5	2014	2146	11971	11999n
5	2014	2146	11977	12004
15	2014	2147	11982	12008m
10	2014	2147	11984	12015m
15	2014	2147	11984	12007m
5	2014	2147	11987	12014n
5	2014	2147	11994	12014n
15	2014	2147	11990	12014p
5	2014	2147	11983m	12008m
10	2014	2147	11983m	12015m
10	2014	2147	11983m	12015
15	2014	2147	11983n	12008
5	2014	2147	11983n	12008m
5	2014	2147	12000	12026
5	2014	2147	12002	12027m
5	2014	2148	12012	12035n
10	2014	2148	12011	12028n
10	2014	2148	12014	12038
5	2014	2148	12015	12043
5	2014	2148	12021	12045o
5	2014	2149	12035	12058
5	2014	2149	12036	12054m
5	2014	2149	12045	12069
10	2014	2149	12049	12075
5	2014	2150	12062	12077
5	2014	2150	12065	12087
5	2014	2150	12069	12092m
5	2014	2150	12072	12092
15	2014	2150	12073	12093
5	2014	2151	12080	12104
5	2014	2151	12084	12103
5	2014	2151	12085	12107
5	2014	2151	12092	12114
15	2014	2152	12107	12124
10	2014	2152	12108	12127
10	2014	2152	12109	12130
5	2014	2153	12126	12147
5	2014	2153	12127	12151
5	2014	2153	12137	12154
15	2014	2154	12150	12168m
5	2014	2154	12153	12172
5	2014	2154	12161	12181
5	2014	2154	12164	12185
15	2014	2154	12154n	12181
5	2014	2156	12192	12209
15	2014	2156	12194	12214
5	2014	2156	12197	12216
5	2014	2157	12209	12235
5	2014	2159	12249	12265
5	2014	2159	12251	12268
5	2015	2159	12256	12264y
5	2015	2159	12266	12280s
5	2015	2159	12268	12289
5	2015	2160	12289	12303n
5	2015	2160	12292	12307p
15	2015	2161	12297	12320
15	2015	2162	12320	12330r
15	2015	2162	12331	12346o
5	2015	2163	12335	12356
10	2015	2163	12344	12364
15	2015	2164	12368	12382
5	2015	2164	12367	12384
5	2015	2165	12364t	12378p
5	2015	2165	12372n	12386o
5	2015	2166	12397	12403t
5	2015	2168	12414	12422z
5	2015	2168	12415	12430
15	2015	2168	12422	12435
5	2015	2168	12422	12437
5	2015	2169	12434	12452
5	2015	2169	12437	12450o
10	2015	2170	12452	12464
10	2015	2170	12452	12467
