15	1974	1610	320	347
5	1974	1611	349	362m
10	1974	1611	352	364
5	1974	1612	368	380
10	1974	1613	377	390
5	1974	1613	377	401
15	1974	1613	377	392
15	1974	1613	375	399
10	1974	1613	379	399
15	1974	1613	385	408m
15	1974	1614	397	412o
10	1974	1614	390	418m
15	1974	1614	393	417
15	1974	1614	393	421o
10	1974	1614	399	419m
10	1974	1614	399	416
15	1974	1614	399	423
10	1974	1614	413	428
15	1974	1615	416	431
10	1974	1615	416	433
5	1974	1616	435	451
15	1974	1616	435	455m
15	1974	1616	431	455
10	1974	1616	433	454
10	1974	1616	433	459
5	1974	1616	438	461
10	1974	1616	438	462
10	1974	1616	445	466
10	1974	1617	451	476t
10	1974	1617	461	479
10	1974	1617	466	480
15	1974	1617	469	489
15	1974	1618	472	490m
15	1974	1618	472	488
10	1974	1618	472	490
15	1974	1618	476	490m
10	1974	1618	476	488
10	1974	1618	479	497
10	1974	1619	487	503
10	1974	1619	497	515
10	1974	1620	505	519
5	1974	1621	524	536
10	1974	1621	528	539m
15	1974	1621	528	539
10	1974	1622	534	548m
5	1974	1622	536	552
15	1975	1625	571	579m
10	1975	1629	601	606
10	1975	1629	603	610
10	1975	1629	604	614
5	1975	1630	609	622
10	1975	1630	615	627
10	1975	1630	614	627n
15	1975	1630	618	634m
15	1975	1630	618	634n
10	1975	1630	620	634m
15	1975	1630	620	634n
15	1975	1631	619	635
5	1975	1631	619	633
15	1975	1631	628	649
5	1975	1632	633	657m
10	1975	1633	659	664
15	1975	1633	659m	665n
5	1975	1633	659m	665m
10	1975	1634	667	671
15	1976	1636	675	679m
10	1976	1636	676	680
15	1976	1639	688	696
15	1976	1639	692	698m
10	1976	1639	690	700
15	1976	1640	693	704
10	1976	1640	694	704
15	1976	1640	700	711
5	1976	1640	700	712
5	1976	1644	724	733
5	1976	1645	733	742
15	1976	1646	743	755
5	1976	1648	757	762
10	1977	1653	807	817
5	1977	1655	828	836
5	1977	1655	827	837
5	1977	1656	837	847
10	1977	1656	839	851
15	1977	1657	849	870
10	1977	1657	855	879
15	1977	1657	861	882
5	1977	1658	864	886
15	1977	1658	877	894
10	1977	1658	874	892
10	1977	1659	890	910
10	1977	1659	889	908
15	1977	1659	892	918
15	1977	1659	899	925
10	1977	1660	908	930n
5	1977	1660	917	932m
15	1977	1660	917	931
15	1977	1661	930	946
15	1977	1662	946	966
15	1977	1662	947	967
10	1977	1662	947	967m
5	1977	1663	969	985
15	1977	1663	970	990
5	1978	1663	980	999
15	1978	1663	980	997
15	1978	1664	985	1011
10	1978	1664	991	1020
10	1978	1664	999	1024
5	1978	1664	997	1024
10	1978	1664	1001	1028
10	1978	1665	1008	1035
5	1978	1665	1011	1036
5	1978	1665	1014m	1043a
10	1978	1665	1014	1039
15	1978	1665	1017	1049
10	1978	1665	1024	1052
5	1978	1665	1028	1060
15	1978	1665	1029	1063
15	1978	1666	1035	1073
10	1978	1666	1047	1082
5	1978	1666	1040	1083
15	1978	1666	1070	1105
15	1978	1666	1070	1108
15	1978	1667	1075	1105
15	1978	1667	1088	1125
15	1978	1667	1084	1114
15	1978	1667	1090	1112a
15	1978	1667	1090	1126
15	1978	1667	1086	1122
10	1978	1667	1086	1118
15	1978	1667	1083	1121
15	1978	1667	1092	1131
15	1978	1667	1095	1131
10	1978	1667	1108	1146
10	1978	1668	1110	1152
10	1978	1668	1115	1158a
15	1978	1668	1133	1175
5	1978	1668	1129	1164
10	1978	1668	1131	1171
5	1978	1668	1134	1176
5	1978	1669	1165	1218
15	1978	1669	1165	1216
15	1978	1670	1192	1230m
10	1978	1670	1196	1231
10	1978	1669	1186	1231
10	1978	1670	1197	1236
15	1978	1670	1203	1239
5	1978	1670	1203	1242
10	1978	1670	1208	1247
10	1978	1670	1218	1247
10	1978	1670	1221	1248
15	1978	1670	1211	1253
15	1978	1671	1238	1275m
15	1978	1671	1250	1285
15	1978	1671	1253	1290
5	1978	1672	1276	1310
10	1978	1672	1271	1309m
5	1978	1672	1282	1316
5	1978	1672	1286	1333
15	1978	1672	1296	1345
15	1978	1672	1289	1340m
15	1978	1672	1289	1343
10	1978	1672	1295	1348a
10	1978	1672	1300	1350
10	1978	1673	1308	1361
15	1978	1672	1304	1355
10	1978	1673	1310	1365
5	1978	1673	1330	1372
10	1978	1673	1320	1371
15	1978	1673	1320	1373
10	1978	1673	1320	1383
5	1978	1673	1332	1374
5	1978	1673	1346	1391
10	1978	1673	1340	1392
15	1978	1673	1340	1385
5	1978	1673	1348	1388
10	1978	1674	1364	1403
5	1978	1674	1366	1409
10	1978	1674	1371	1418
10	1978	1674	1383	1418
15	1978	1674	1385	1433
15	1978	1674	1394	1446
15	1978	1675	1401	1444
10	1978	1675	1407	1460
15	1978	1675	1412	1465
15	1978	1675	1424	1474
10	1978	1675	1417	1474
10	1978	1675	1437	1475
15	1978	1675	1432	1479
15	1978	1675	1432	1482
5	1978	1675	1429	1479
15	1978	1675	1429	1476
10	1978	1675	1447	1488
15	1978	1675	1446	1493
5	1978	1675	1452	1492n
10	1978	1675	1444	1492
5	1978	1676	1462	1503
10	1978	1676	1454	1506
15	1978	1676	1454	1504
5	1978	1676	1459	1507
5	1978	1676	1460	1514
10	1978	1676	1482	1536
10	1978	1676	1488	1542
15	1979	1676	1492	1552
10	1979	1676	1496	1553
15	1979	1676	1502	1553
5	1979	1676	1502	1556
10	1979	1677	1507	1566m
10	1979	1677	1523	1576
5	1979	1677	1514	1562
5	1979	1677	1519	1568
15	1979	1677	1534	1579
5	1979	1677	1520	1573
15	1979	1677	1538	1574
10	1979	1677	1532	1583
15	1979	1677	1528	1580
10	1979	1677	1533	1581
15	1979	1677	1536	1581
15	1979	1677	1536	1585
10	1979	1677	1548	1599m
15	1979	1677	1555	1617
5	1979	1678	1559	1617
15	1979	1678	1560	1612
10	1979	1678	1566	1612
10	1979	1678	1579	1621
15	1979	1678	1568	1626
10	1979	1678	1574	1632
10	1979	1678	1583	1642
15	1979	1678	1581	1644
15	1979	1678	1593	1647
15	1979	1678	1591	1657
10	1979	1678	1591	1657m
15	1979	1678	1595	1662
15	1979	1678	1608	1666
15	1979	1679	1614	1674
15	1979	1678	1604	1678m
10	1979	1679	1606	1668m
10	1979	1679	1633	1677
15	1979	1679	1645	1677m
10	1979	1679	1638	1691
10	1979	1679	1638	1694
15	1979	1679	1646	1697
10	1979	1679	1646	1694
15	1979	1679	1642	1692n
15	1979	1679	1649	1704m
5	1979	1679	1661	1707
5	1979	1680	1676m	1711
10	1979	1680	1681	1729m
10	1979	1680	1681	1724
5	1979	1680	1677m	1723
15	1979	1680	1677m	1726
5	1979	1680	1701	1743
5	1979	1680	1684	1730
5	1979	1680	1689	1737
10	1979	1680	1705	1764m
10	1979	1680	1705	1759
10	1979	1680	1711	1766
10	1979	1680	1711	1778
15	1979	1681	1720	1778
10	1979	1681	1724	1781
5	1979	1681	1734	1783
5	1979	1681	1729	1788
5	1979	1681	1730	1789
5	1979	1681	1733	1801
10	1979	1681	1743	1798
15	1979	1681	1743	1794
15	1979	1681	1738	1801
10	1979	1681	1740	1799
10	1979	1681	1740	1796
10	1979	1681	1748	1802
10	1979	1681	1759	1816
10	1979	1682	1781	1840
5	1979	1682	1786	1847
15	1979	1682	1783	1837
10	1979	1682	1782	1841
5	1979	1682	1789	1843
10	1979	1682	1794	1858
5	1979	1682	1794	1863
15	1979	1682	1797	1847m
10	1979	1682	1797	1856
15	1979	1682	1804	1847m
5	1979	1682	1833	1870m
15	1979	1682	1818	1872
15	1979	1683	1828	1897
5	1979	1683	1828	1884
15	1979	1683	1841	1891
10	1979	1683	1841	1892
5	1979	1683	1843	1894
10	1979	1683	1843	1906
10	1979	1683	1849	1896
15	1979	1683	1850	1896
15	1979	1683	1854	1914
15	1979	1683	1860	1904
10	1979	1683	1865	1907
10	1979	1683	1866	1918
10	1979	1684	1887	1946
15	1979	1684	1887	1938
10	1979	1684	1888	1939
5	1979	1684	1884	1956
15	1979	1684	1890	1951
5	1979	1684	1899	1960
10	1979	1684	1892	1950
10	1979	1684	1892	1952
5	1979	1684	1906	1954
10	1979	1684	1917	1976
15	1979	1684	1910	1966
5	1979	1684	1915	1972
15	1979	1684	1915	1980
5	1979	1684	1925	1983
10	1979	1685	1934	1981
10	1979	1685	1931	1993
15	1979	1685	1931	1995
5	1979	1685	1929	1985
10	1979	1685	1939	1989
5	1979	1685	1943	1994
10	1979	1685	1960	2010
10	1979	1685	1965	2011
10	1979	1685	1965	2020
10	1979	1685	1958	2017
10	1979	1685	1958	2016
10	1979	1685	1971	2019
15	1979	1685	1962	2022
10	1979	1685	1967	2027
15	1979	1685	1972	2031
15	1979	1685	1972	2029
15	1979	1685	1980	1953m
10	1979	1685	1980	1955m
15	1979	1685	1982	2038
5	1979	1686	1994	2052
15	1979	1686	1999	2067
15	1979	1686	1999	2070
15	1979	1686	2009	2066
5	1979	1686	2009	2063
5	1979	1686	2014	2066
15	1979	1686	2006	2075
15	1979	1686	2021	2075
10	1979	1686	2021	2068
5	1979	1686	2017	2082
5	1979	1686	2019	2074
15	1979	1686	2035	1968m
10	1979	1686	2031	2090
15	1979	1686	2036	2088
5	1979	1686	2036	2091
10	1979	1686	2030	2092
10	1979	1686	2032	2097
10	1979	1686	2032	2093
10	1979	1686	2038	2115
5	1979	1687	2042	2101
15	1979	1687	2053	2106
5	1979	1687	2049	2110
15	1979	1687	2069	1986m
10	1979	1687	2058	1986m
15	1979	1687	2074	2138
10	1979	1687	2077	2148
15	1979	1687	2084	2143
5	1979	1687	2088	2147
5	1979	1687	2090	2155
15	1979	1687	2092	2154
10	1979	1687	2091	2149
15	1979	1687	2091	2165
15	1979	1687	2100	2164
5	1979	1687	2100	2153
15	1979	1688	2109	2156
10	1979	1687	2099	2159
10	1979	1688	2101	2163
10	1979	1688	2106	2167
15	1979	1688	2106	2016m
5	1979	1688	2117	2192
5	1979	1688	2112	2182
10	1979	1688	2122	2183
15	1979	1688	2122	2181
10	1979	1688	2118	2175
5	1979	1688	2133	2052m
10	1979	1688	2137	2204
15	1979	1689	2157	2216
15	1979	1688	2149	2212
5	1979	1689	2165	2212
15	1979	1688	2156	2222
10	1979	1688	2159	2215
15	1979	1689	2174	2214
15	1979	1689	2162	2215n
15	1979	1689	2188	2242
10	1979	1689	2175	2230
15	1979	1689	2175	2228
15	1979	1689	2176	2229
10	1979	1689	2194	2228
15	1979	1689	2194	2239
15	1979	1689	2186	2240
5	1979	1689	2202	2233
10	1979	1689	2190	2227m
10	1979	1689	2191	2238n
15	1979	1689	2200	2236
10	1979	1689	2206	2250m
15	1979	1689	2204	2243m
15	1979	1689	2204	2243
15	1979	1689	2208	2247
15	1979	1690	2217	2253m
15	1979	1689	2213	2255
15	1979	1690	2220	2260
10	1979	1690	2220	2262
15	1980	1690	2221	2270
5	1980	1690	2229	2265
10	1980	1690	2229	2271
10	1980	1690	2240	2273n
15	1980	1690	2247	2283
5	1980	1691	2259	2299
5	1980	1691	2262	2292
10	1980	1691	2275	2310m
10	1980	1691	2275	2294
15	1980	1691	2270	2302m
15	1980	1691	2266	2319
10	1980	1691	2274	2303
10	1980	1691	2271	2302
10	1980	1691	2277	2312
5	1980	1691	2276	2316
10	1980	1691	2276	2313
15	1980	1691	2281	2326n
15	1980	1691	2290	2335
15	1980	1691	2283	2327n
10	1980	1691	2287	2334
15	1980	1691	2288	2341
15	1980	1692	2291	2346n
15	1980	1692	2294	2356
10	1980	1692	2294	2364
10	1980	1692	2296	2365
15	1980	1692	2303	2361m
5	1980	1692	2298	2362m
10	1980	1692	2302	2363n
10	1980	1692	2302	2366o
5	1980	1692	2316	2367
10	1980	1692	2313	2367
15	1980	1692	2324	2367m
15	1980	1692	2335	2385
5	1980	1692	2335	2373
15	1980	1692	2339	2392
10	1980	1692	2339	2393
15	1980	1692	2341	2401
10	1980	1692	2340	2395n
15	1980	1693	2351	2406
5	1980	1693	2360	2404n
10	1980	1693	2360	2404
5	1980	1693	2357	2399
5	1980	1693	2356	2397m
15	1980	1693	2362	2408o
10	1980	1693	2363	2421n
15	1980	1693	2363	2421
15	1980	1693	2367	2417
10	1980	1693	2372	2416
15	1980	1693	2370	2428
5	1980	1693	2370	2436
15	1980	1693	2391	2438m
10	1980	1693	2393	2454
10	1980	1694	2396	2471
10	1980	1694	2407	2458
5	1980	1694	2420	2464
10	1980	1694	2413	2476
10	1980	1694	2411	2474
5	1980	1694	2416	2479
10	1980	1694	2416	2479n
10	1980	1694	2418	2481
15	1980	1694	2451	2486m
5	1980	1694	2440	2486
5	1980	1694	2449	2488
15	1980	1694	2438	2505
15	1980	1694	2445	2497
15	1980	1694	2445	2497m
15	1980	1694	2450	2497m
10	1980	1694	2450	2501
10	1980	1695	2466	2516
15	1980	1695	2469	2516
5	1980	1695	2469	2517
10	1980	1695	2470	2528
10	1980	1695	2470	2519
10	1980	1695	2479	2535
15	1980	1695	2481	2538
15	1980	1695	2488n	2551
10	1980	1695	2490	2546
15	1980	1695	2506	2560m
5	1980	1695	2505	2546
5	1980	1695	2502	2565
5	1980	1695	2502	2554
10	1980	1696	2507	2555
15	1980	1696	2514	2559
15	1980	1696	2524	2563o
10	1980	1696	2524	2559m
10	1980	1696	2516	2567
10	1980	1696	2517	2567
15	1980	1696	2517	2575m
15	1980	1696	2539	2574m
10	1980	1696	2539	2572
15	1980	1696	2530	2570
15	1980	1696	2530	2571
15	1980	1696	2522	2583
5	1980	1696	2529	2577
15	1980	1696	2547	2579n
15	1980	1696	2550	2590
5	1980	1696	2550	2589
15	1980	1696	2565	2608
10	1980	1696	2554	2608
5	1980	1696	2555	2602
10	1980	1697	2559	2607n
5	1980	1697	2559	2607
10	1980	1697	2575	2611
10	1980	1697	2575	2611m
10	1980	1697	2570	2618
10	1980	1697	2572	2620
5	1980	1697	2571	2621
10	1980	1697	2576	2625
15	1980	1697	2577	2626m
5	1980	1697	2577	2626n
15	1980	1697	2579	2634
15	1980	1697	2586	2639
15	1980	1697	2588	2641n
10	1980	1697	2591	2637
5	1980	1697	2593	2643m
10	1980	1697	2593	2643
15	1980	1697	2596	2647
15	1980	1698	2605	2645
10	1980	1698	2605	2648
15	1980	1697	2600	2650n
10	1980	1697	2600	2645
15	1980	1698	2610	2654m
10	1980	1698	2606	2661
15	1980	1698	2633	2669
15	1980	1698	2615	2667
10	1980	1698	2621	2667n
15	1980	1698	2620	2677
15	1980	1698	2620	2665
5	1980	1698	2626	2674
10	1980	1698	2625	2665
15	1980	1698	2625	2668
15	1980	1698	2629	2678
10	1980	1698	2643	2692
10	1980	1698	2646	2694
10	1980	1698	2645	2696
10	1980	1698	2645	2696m
10	1980	1699	2655	2699
15	1980	1699	2657	2707
15	1980	1699	2674	2740
15	1980	1699	2674	2727
5	1980	1699	2665	2717
5	1980	1699	2672	2725
10	1980	1699	2672	2742n
5	1980	1699	2675	2742n
15	1980	1699	2691	2736
15	1980	1699	2680	2739
15	1980	1699	2680	2747
15	1980	1699	2687	2736m
5	1980	1700	2708	2748
5	1980	1699	2700	2757
10	1980	1700	2701	2763
10	1980	1700	2701	2768
10	1980	1700	2730	2775
10	1980	1700	2724	2776
10	1980	1700	2722	2778m
10	1980	1700	2725	2786
10	1980	1700	2725	2787
10	1980	1700	2751	2788
10	1980	1700	2744	2791
5	1980	1700	2748	2791n
15	1980	1701	2761	2805
15	1980	1701	2758	2807m
10	1980	1701	2763	2800
15	1980	1701	2767m	2807
10	1980	1701	2767m	2803
15	1980	1701	2772	2809
10	1980	1701	2772	2808m
10	1980	1701	2777	2810
10	1980	1701	2777	2816
15	1980	1701	2777	2821
15	1980	1701	2776	2825
10	1980	1701	2776	2813
10	1980	1701	2779	2824
10	1980	1701	2779	2831
5	1980	1701	2791	2839
10	1980	1701	2801	2838
15	1980	1701	2794	2840
10	1980	1701	2797	2851
10	1980	1702	2812	2850
15	1980	1702	2803	2850
10	1980	1702	2809	2863
15	1980	1702	2816	2867
15	1980	1702	2824	2879
10	1980	1702	2829	2874
15	1980	1702	2839	2890
5	1980	1702	2838	2883m
10	1980	1702	2841	2895
10	1980	1703	2850	2900
15	1980	1703	2855	2902
10	1980	1703	2858	2912
15	1980	1703	2858	2905
10	1980	1703	2857	2903
10	1980	1703	2872	2901n
15	1980	1703	2869	2910n
10	1981	1703	2874	2926
15	1981	1703	2881	2924
15	1981	1703	2881	2936
15	1981	1703	2884	2925n
15	1981	1703	2884	2925
5	1981	1703	2890	2937
15	1981	1704	2899	2942
10	1981	1704	2900	2945
15	1981	1704	2912	2942n
10	1981	1704	2901	2951
15	1981	1704	2918	2955
10	1981	1704	2918	2958
5	1981	1704	2932	2962
10	1981	1704	2933	2963
15	1981	1704	2935	2966
5	1981	1704	2930	2976
15	1981	1705	2943	2978
15	1981	1705	2942	2980
15	1981	1705	2947	2978
10	1981	1705	2945	2982
15	1981	1705	2951	2987
10	1981	1705	2948	2987
10	1981	1705	2953	2996
10	1981	1705	2959	3007
10	1981	1705	2960	3005
15	1981	1705	2960	3002
5	1981	1705	2962	3010
10	1981	1705	2971	3025
10	1981	1705	2971	3026
15	1981	1706	2984	3054
10	1981	1706	2990	3048
5	1981	1706	2991	3060
15	1981	1706	2991	3059
10	1981	1706	2993	3049
10	1981	1706	3003	3062n
10	1981	1706	3028	3063n
15	1981	1706	3012	3066
10	1981	1706	3019	3073
10	1981	1706	3031	3074
15	1981	1706	3022	3074
10	1981	1706	3022	3087m
15	1981	1706	3025	3092
15	1981	1706	3025	3079
10	1981	1706	3026	3092
15	1981	1706	3026	3079
15	1981	1706	3027	3088
5	1981	1707	3046	3100
5	1981	1707	3035	3098
15	1981	1707	3035	3107
15	1981	1707	3038	3102
15	1981	1707	3052	3102
5	1981	1707	3045	3103
15	1981	1707	3053	3107n
15	1981	1707	3048	3106n
15	1981	1707	3049	3106
5	1981	1707	3049	3112
5	1981	1707	3067	3121
5	1981	1707	3073	3132
5	1981	1707	3079	3139
15	1981	1707	3079	3141
10	1981	1707	3080	3134
15	1981	1707	3089	3143m
15	1981	1708	3104	3147
15	1981	1708	3099	3147
15	1981	1708	3099	3153
15	1981	1708	3102	3151m
10	1981	1708	3102	3146
15	1981	1708	3106	3165
5	1981	1708	3112	3166
10	1981	1708	3113	3159
15	1981	1708	3123	3174
15	1981	1708	3129	3171m
15	1981	1709	3152	3201m
10	1981	1709	3157	3205
15	1981	1709	3159	3204
15	1981	1709	3161o	3225m
15	1981	1709	3170	3238n
10	1981	1709	3172	3221
10	1981	1709	3172	3232
10	1981	1710	3191	3234
10	1981	1710	3186	3243
10	1981	1710	3203	3257n
15	1981	1710	3204	3277
10	1981	1710	3219	3257n
15	1981	1710	3219	3260
15	1981	1710	3220	3265
15	1981	1710	3224	3269
10	1981	1710	3224	3273
10	1981	1711	3240	3285
15	1981	1710	3221	3282
5	1981	1710	3221	3274
10	1981	1710	3230	3285
10	1981	1710	3232	3283
10	1981	1710	3236	3299
10	1981	1710	3234	3284
5	1981	1711	3239	3293
5	1981	1711	3243	3292
10	1981	1711	3248	3288
10	1981	1711	3247	3295
5	1981	1711	3258	3307
10	1981	1711	3256	3311
15	1981	1711	3257	3310
15	1981	1711	3272	3321
15	1981	1711	3262	3327
5	1981	1711	3268	3328n
15	1981	1711	3269	3336
15	1981	1711	3278	3334
5	1981	1711	3279	3333
5	1981	1711	3284	3341
15	1981	1712	3295	3358
10	1981	1712	3295	3362
10	1981	1712	3298	3362
10	1981	1712	3298	3356
5	1981	1712	3302	3359
15	1981	1712	3302	3363
15	1981	1712	3300	3360
15	1981	1712	3300	3364
15	1981	1712	3311	3375
5	1981	1712	3314	3369
5	1981	1712	3316	3374
10	1981	1712	3319	3387
5	1981	1712	3317	3377
15	1981	1712	3317	3389
15	1981	1712	3323	3389
15	1981	1712	3323	3392
15	1981	1712	3324	3388
5	1981	1712	3345	3404
15	1981	1712	3329	3394
10	1981	1712	3340	3394m
10	1981	1713	3355	3415
5	1981	1713	3347	3406
10	1981	1713	3368	3417
15	1981	1713	3372	3421
10	1981	1713	3380	3420m
5	1981	1713	3369	3445
10	1981	1713	3375	3424
15	1981	1713	3375	3433
10	1981	1713	3375	3435
5	1981	1713	3385	3434
15	1981	1713	3377	3443
15	1981	1713	3388	3430
10	1981	1713	3388	3432
10	1981	1713	3392	3440
10	1981	1713	3390	3450
15	1981	1713	3390	3452
10	1981	1713	3394	3451
15	1981	1714	3409	3455
10	1981	1713	3402	3452
10	1981	1713	3403	3457
10	1981	1714	3416	3464
10	1981	1714	3424	3478
10	1981	1714	3445	3479
15	1981	1714	3433	3478
10	1981	1714	3427	3484
15	1981	1714	3432	3477
5	1981	1714	3442	3489
10	1981	1714	3450	3491
5	1981	1714	3451	3492
10	1981	1715	3460	3499
15	1981	1715	3458	3499
15	1981	1715	3458	3503
5	1981	1714	3456	3501
10	1981	1715	3471	3511
15	1981	1715	3471	3510
15	1981	1715	3472	3514
10	1981	1715	3478	3516
15	1981	1715	3478	3519
15	1981	1715	3480	3521
5	1981	1715	3477	3523
15	1981	1715	3492	3536
5	1981	1715	3492	3542
15	1981	1715	3497	3531b
10	1981	1715	3496	3534
15	1981	1715	3496	3537
15	1981	1715	3504	3545
5	1981	1715	3504	3540
10	1981	1715	3501	3541m
10	1981	1716	3515	3553
15	1981	1716	3515	3549
15	1981	1716	3516	3552
10	1981	1716	3516	3568
10	1981	1716	3521	3566
10	1981	1716	3520	3561
15	1981	1716	3530	3572
15	1981	1716	3537	3575
5	1981	1716	3537	3573
15	1982	1717	3545	3583
10	1982	1717	3545	3584
10	1982	1717	3540	3588
10	1982	1717	3553	3603
10	1982	1717	3550	3598
10	1982	1717	3554	3597
10	1982	1717	3549	3600
5	1982	1717	3559	3601
10	1982	1717	3559	3601a
15	1982	1717	3552	3609
15	1982	1717	3568	3609
15	1982	1717	3562	3608
10	1982	1717	3562	3612b
5	1982	1717	3577	3614
15	1982	1717	3578	3618
15	1982	1717	3578	3619
15	1982	1717	3573	3618b
15	1982	1717	3573	3618d
5	1982	1717	3576	3622
15	1982	1717	3576	3630
15	1982	1717	3579	3627
10	1982	1717	3582	3625
10	1982	1718	3595	3626
10	1982	1717	3583	3630n
10	1982	1717	3583	3630m
15	1982	1718	3592	3628
10	1982	1718	3599	3632a
10	1982	1718	3594	3632
15	1982	1718	3594	3638
15	1982	1718	3601	3636
15	1982	1718	3607	3640
10	1982	1718	3607	3651
10	1982	1718	3608	3651
15	1982	1718	3608	3644
5	1982	1718	3614	3653
15	1982	1718	3619	3656
10	1982	1718	3618	3657
5	1982	1718	3626	3668
15	1982	1718	3625	3659
10	1982	1718	3628	3668a
10	1982	1719	3631	3664
15	1982	1718	3629	3662
15	1982	1718	3629	3676a
15	1982	1719	3632	3677
10	1982	1719	3634	3671
15	1982	1719	3639	3688
10	1982	1719	3639	3679
15	1982	1719	3640	3682
15	1982	1719	3643	3681
10	1982	1719	3648	3687
5	1982	1719	3649	3686
10	1982	1719	3652	3695
10	1982	1719	3653	3696m
10	1982	1719	3656	3699
10	1982	1719	3661	3703
10	1982	1719	3659	3702
10	1982	1719	3659	3707
5	1982	1720	3670	3714
10	1982	1720	3675	3718
15	1982	1720	3680	3734a
10	1982	1720	3679	3720
15	1982	1720	3688	3720
5	1982	1720	3695	3727
10	1982	1720	3699	3737
15	1982	1720	3703	3745
15	1982	1720	3703	3740
10	1982	1720	3702	3739
10	1982	1721	3706	3741
10	1982	1721	3706	3743
10	1982	1721	3714m	3750m
15	1982	1721	3714	3755
15	1982	1721	3714	3750
15	1982	1721	3717	3764m
5	1982	1721	3717	3754
10	1982	1721	3734a	3763m
5	1982	1721	3720	3761
10	1982	1721	3727	3768
5	1982	1721	3731	3771
15	1982	1721	3739	3776
15	1982	1722	3748	3789
15	1982	1722	3762	3796m
15	1982	1722	3759	3792
15	1982	1722	3761	3796
10	1982	1722	3763	3794
10	1982	1722	3763	3798
5	1982	1722	3770	3801
15	1982	1722	3770	3802
10	1982	1722	3783	3801
15	1982	1722	3783	3802
10	1982	1722	3776	3804
10	1982	1722	3780	3815
15	1982	1722	3780	3815m
5	1982	1723	3781	3815a
15	1982	1723	3781	3810
10	1982	1723	3787	3813m
15	1982	1723	3782	3817
15	1982	1723	3802	3840
15	1982	1723	3802	3836a
15	1982	1723	3803	3837
5	1982	1723	3806	3837a
10	1982	1723	3807	3844
10	1982	1723	3804	3839
10	1982	1723	3809	3852
15	1982	1723	3809	3853
10	1982	1723	3813	3864a
15	1982	1723	3812	3855a
10	1982	1723	3812	3845a
15	1982	1723	3810	3843a
15	1982	1723	3810	3845
10	1982	1723	3810	3864
15	1982	1723	3810	3861m
10	1982	1724	3821	3856b
10	1982	1724	3840	3883
10	1982	1724	3837	3885
10	1982	1725	3856	3895
15	1982	1725	3856	3890b
10	1982	1725	3867	3907
5	1982	1725	3877	3910a
10	1982	1725	3870	3910
5	1982	1725	3870	3914
10	1982	1725	3870	3915
10	1982	1725	3876	3920m
5	1982	1725	3891	3917
5	1982	1725	3882	3923
10	1982	1725	3883	3921
10	1982	1725	3883	3924
5	1982	1726	3895	3932
15	1982	1726	3905	3943
15	1982	1726	3908	3952
15	1982	1726	3919	3964
10	1982	1726	3922	3965
5	1982	1726	3921	3968
10	1982	1727	3938	3970
10	1982	1727	3938	3973
10	1982	1727	3946	3977
15	1982	1727	3949	3988
5	1982	1727	3950	3990
10	1982	1727	3960	3998
15	1982	1728	3969	3998a
15	1982	1728	3979	4010
5	1982	1728	3979	4012
15	1982	1728	3984	4028
15	1982	1728	3995	4028
10	1982	1728	3995	4021
10	1982	1728	3990	4020
10	1982	1728	3990	4027
5	1982	1728	3994	4026
10	1982	1728	3997	4029
10	1982	1728	3998	4030
10	1982	1729	4014	4041
15	1982	1729	4017	4050p
10	1982	1729	4017	4055
15	1982	1729	4020	4049
5	1982	1729	4021	4054
15	1982	1729	4022	4052b
10	1982	1729	4022	4051
10	1982	1729	4025	4053
15	1982	1729	4025	4053b
15	1982	1729	4036	4058n
10	1982	1729	4032	4064
15	1982	1729	4033	4068n
15	1982	1730	4039	4070m
5	1982	1730	4041	4071
10	1983	1730	4046	4074
15	1983	1730	4046	4075
10	1983	1730	4054	4079
15	1983	1730	4053	4081
15	1983	1730	4053	4084
5	1983	1730	4060	4086
5	1983	1731	4072	4092
15	1983	1731	4072	4100
10	1983	1731	4071	4094m
5	1983	1731	4075	4103
15	1983	1731	4075	4098
10	1983	1731	4077	4098
10	1983	1731	4077	4099
15	1983	1731	4079	4102
10	1983	1731	4079	4104
10	1983	1732	4095	4121
10	1983	1732	4092	4121m
15	1983	1732	4100	4121m
10	1983	1732	4103	4123
5	1983	1732	4103	4123c
10	1983	1732	4105	4127n
15	1983	1732	4105	4125
15	1983	1732	4105	4131
10	1983	1732	4102	4127
15	1983	1732	4104	4129
15	1983	1732	4104	4127
10	1983	1732	4115	4140m
5	1983	1732	4116	4142
5	1983	1732	4116	4145
15	1983	1733	4125	4154
5	1983	1733	4127	4156
15	1983	1733	4127	4162
5	1983	1733	4137	4165
15	1983	1733	4140	4173
10	1983	1734	4148	4171
15	1983	1734	4149m	4176
5	1983	1734	4149	4176
15	1983	1734	4145	4176
15	1983	1734	4153	4184a
10	1983	1734	4155	4183
15	1983	1734	4155	4183m
15	1983	1734	4154	4186
10	1983	1734	4154	4192
10	1983	1734	4156	4187
10	1983	1734	4157	4198
15	1983	1734	4157	4195
5	1983	1734	4165	4196
10	1983	1734	4173	4201
5	1983	1735	4176	4204
15	1983	1735	4174	4211
10	1983	1735	4174	4211m
15	1983	1735	4179	4207
5	1983	1735	4183	4210
10	1983	1735	4188	4208n
5	1983	1735	4187	4221
5	1983	1735	4199	4222c
10	1983	1735	4203	4230
5	1983	1735	4201	4227
10	1983	1735	4201	4227c
10	1983	1736	4204	4234
10	1983	1736	4204	4236
15	1983	1736	4213	4249
5	1983	1736	4214	4245
5	1983	1736	4216	4247
10	1983	1736	4217	4259
10	1983	1736	4215c	4253
10	1983	1736	4215c	4255
10	1983	1736	4222c	4254
15	1983	1736	4230	4262
10	1983	1736	4235	4267
10	1983	1737	4236	4273
10	1983	1737	4251	4278a
15	1983	1737	4260	4278a
5	1983	1737	4262	4289p
10	1983	1737	4263	4295
15	1983	1737	4267	4300
15	1983	1737	4267	4304a
10	1983	1738	4279	4312
10	1983	1738	4280	4306
5	1983	1739	4302	4319
10	1983	1738	4296	4323a
15	1983	1739	4300	4323b
15	1983	1739	4300	4324
5	1983	1739	4301	4330o
15	1983	1739	4305	4336a
15	1983	1739	4305	4336
10	1983	1739	4310	4332m
15	1983	1739	4307a	4334
5	1983	1739	4314	4331
10	1983	1739	4317	4335a
15	1983	1739	4327	4342
15	1983	1740	4324	4344
5	1983	1740	4332	4351
10	1983	1741	4357	4370o
15	1983	1741	4360	4372
15	1983	1741	4360	4376
5	1983	1742	4374	4388n
15	1983	1743	4384	4404
10	1984	1744	4392	4413
10	1984	1744	4393	4413b
10	1984	1744	4396	4418
10	1984	1744	4397	4421
5	1984	1744	4398	4421
5	1984	1744	4399	4422
10	1984	1744	4408	4427
10	1984	1744	4410	4432
10	1984	1744	4410	4430
10	1984	1744	4414	4431
15	1984	1744	4413	4429
10	1984	1745	4421	4441
15	1984	1745	4422	4450
15	1984	1745	4422	4446
15	1984	1745	4423	4449
15	1984	1745	4423	4453
15	1984	1745	4426	4449m
15	1984	1746	4430	4460
10	1984	1746	4431	4460
15	1984	1746	4433	4462
15	1984	1746	4441	4468a
15	1984	1746	4450	4473a
15	1984	1746	4456	4472
15	1984	1746	4455	4476
15	1984	1747	4469	4493
15	1984	1747	4469	4487
10	1984	1748	4481	4508
10	1984	1749	4500	4521
15	1984	1749	4509	4536
5	1984	1749	4513	4539
15	1984	1749	4513	4539m
10	1984	1750	4520	4548
5	1984	1750	4537	4553
5	1984	1751	4554	4573a
15	1984	1752	4564	4579
15	1984	1752	4567	4580n
15	1984	1752	4572	4580
15	1984	1754	4590	4600
10	1984	1755	4597	4608
15	1984	1755	4598	4609a
5	1985	1757	4617	4626
15	1985	1761	4647	4656
10	1985	1761	4652	4662
10	1985	1762	4655	4666
10	1985	1762	4665	4674
10	1985	1763	4676	4682b
10	1985	1764	4680	4692
15	1985	1767	4699	4704
15	1986	1771	4713	4717
10	1986	1774	4726	4729
10	1986	1774	4727	4731
10	1986	1781	4750	4757
15	1986	1781	4750	4758
10	1987	1786	4778	4783
10	1987	1786	4781	4791
10	1987	1786	4783	4797
5	1987	1787	4786	4804
15	1987	1787	4787	4806
15	1987	1790	4817	4826
15	1987	1790	4817	4824
10	1987	1791	4826	4841
10	1987	1791	4824	4841
5	1987	1791	4834	4845
5	1987	1791	4835	4847
15	1987	1792	4841	4853m
10	1987	1792	4849	4859
10	1987	1793	4857	4868
15	1987	1793	4856	4876
5	1987	1794	4869	4888
5	1987	1795	4896	4906
15	1988	1797	4919	4943
15	1988	1797	4919	4946
15	1988	1798	4939	4961
15	1988	1798	4939	4957
10	1988	1798	4949	4965
10	1988	1799	4958	4977
10	1988	1800	4970	4983
10	1988	1799	4965	4991
10	1988	1800	4975	4999c
15	1988	1800	4977	5000b
15	1988	1800	4978	5003
10	1988	1800	4978	5001
5	1988	1800	4987	5002
10	1988	1800	4987	5005
5	1988	1800	4986	5012
15	1988	1800	4989	5014
10	1988	1800	4990	5022
15	1988	1801	4990a	5022
5	1988	1801	4990a	5023
10	1988	1801	5005	5028
10	1988	1801	5008	5032
15	1988	1801	5014	5039a
10	1988	1802	5028	5055
10	1988	1802	5027	5055
10	1988	1802	5036	5068c
10	1988	1803	5047	5074
5	1988	1803	5048	5078
15	1988	1803	5056	5077
10	1988	1803	5066	5094
15	1988	1804	5069	5103
10	1988	1804	5071	5099
5	1988	1804	5075	5108
10	1988	1804	5085	5115
15	1988	1804	5090	5121
10	1988	1804	5096	5124m
15	1988	1804	5096	5123
15	1988	1804	5096	5121a
15	1988	1804	5092	5125
5	1988	1805	5105	5138
10	1988	1805	5108	5137
10	1988	1805	5117	5164
15	1988	1805	5117	5165
10	1988	1805	5126	5163b
10	1988	1806	5131	5169
15	1988	1806	5155	5190
5	1988	1806	5148	5184
15	1988	1806	5164	5188
5	1988	1806	5164	5192
15	1988	1806	5164	5199b
15	1988	1806	5165	5199b
5	1988	1806	5165	5204
10	1988	1806	5163	5200
10	1988	1807	5168	5205
10	1988	1807	5171	5207
5	1988	1807	5175	5212
15	1988	1807	5179	5213
5	1988	1807	5177	5216
10	1988	1807	5190	5226
5	1988	1807	5193	5227a
15	1988	1808	5205	5248
10	1988	1808	5207	5249
5	1988	1808	5212	5254
10	1988	1808	5218	5258
5	1988	1808	5227	5263
10	1988	1808	5228	5265
15	1988	1808	5235	5271
10	1988	1808	5240	5279
10	1988	1809	5256	5285
5	1988	1809	5260	5296
10	1988	1809	5254	5292
10	1988	1809	5262	5297
15	1988	1809	5272	5311
5	1988	1809	5274	5315
10	1988	1809	5275	5312
10	1988	1809	5278	5318
10	1988	1810	5282	5320
5	1988	1810	5285	5323
10	1988	1810	5290	5324
10	1988	1810	5292	5326
5	1988	1810	5303	5336
5	1988	1810	5301	5330
10	1989	1810	5311	5340
10	1989	1810	5312	5353
5	1989	1811	5317	5355
10	1989	1811	5321	5357
5	1989	1811	5323	5362
10	1989	1811	5329	5373
10	1989	1811	5336	5382
5	1989	1811	5330	5382
15	1989	1811	5339	5387
10	1989	1811	5340	5387m
5	1989	1811	5354	5402
5	1989	1812	5356	5398
15	1989	1812	5356	5395b
15	1989	1812	5368	5418
5	1989	1812	5373	5409
5	1989	1812	5378	5420
15	1989	1812	5377	5417a
15	1989	1812	5377	5419
10	1989	1812	5383	5422
5	1989	1813	5407	5444
15	1989	1813	5414	5449
15	1989	1813	5409	5450
15	1989	1813	5411	5451
15	1989	1813	5424	5462
15	1989	1813	5417	5461
5	1989	1813	5428	5464
10	1989	1814	5438	5471m
10	1989	1814	5444	5474
5	1989	1814	5449	5481
5	1989	1814	5449	5492
10	1989	1814	5450	5493
15	1989	1814	5454	5491m
15	1989	1814	5454	5500m
15	1989	1814	5456	5501
10	1989	1814	5460	5494
15	1989	1814	5468	5509m
10	1989	1814	5464	5503
15	1989	1814	5464	5510
10	1989	1814	5464	5505
10	1989	1815	5470	5518
15	1989	1815	5478	5522
5	1989	1815	5481	5521
15	1989	1815	5492	5521
15	1989	1815	5488	5536
15	1989	1815	5500	5540a
10	1989	1815	5491	5533
10	1989	1815	5496	5536n
10	1989	1815	5497	5550
15	1989	1815	5510	5552
10	1989	1815	5505	5552
10	1989	1815	5505	5556
15	1989	1816	5515	5556
15	1989	1816	5515	5561
15	1989	1815	5507	5555
15	1989	1815	5507	5564
10	1989	1816	5511	5561
10	1989	1816	5511	5559a
15	1989	1816	5517	5587
10	1989	1816	5521	5572
10	1989	1816	5528	5581
5	1989	1816	5530	5579
15	1989	1816	5530	5585
10	1989	1816	5536	5593
10	1989	1816	5537	5589m
10	1989	1816	5533	5586
10	1989	1817	5567	5613a
10	1989	1817	5567	5605
10	1989	1816	5556	5600
15	1989	1816	5555	5599
5	1989	1816	5561	5600
10	1989	1817	5563	5609
5	1989	1817	5572	5612
15	1989	1817	5572	5631a
5	1989	1817	5576	5628
15	1989	1817	5575	5631m
10	1989	1817	5575	5620
5	1989	1817	5581	5623b
15	1989	1817	5581	5630
5	1989	1817	5586	5629
10	1989	1817	5590	5635
10	1989	1817	5589	5637
10	1989	1817	5598	5646
10	1989	1818	5605	5643
10	1989	1818	5608	5652
10	1989	1818	5608	5653
5	1989	1818	5612	5662
10	1989	1818	5622	5670
15	1989	1818	5638	5670m
15	1989	1818	5625	5678
10	1989	1818	5626	5669
5	1989	1818	5629	5671
15	1989	1818	5636	5688
10	1989	1818	5637	5676
15	1989	1818	5639	5684m
15	1989	1818	5641	5686
10	1989	1818	5643	5686
5	1989	1818	5643	5687
15	1989	1818	5644	5690
10	1989	1818	5645	5695
5	1989	1818	5646	5692
5	1989	1819	5669	5708
10	1989	1819	5671	5712
15	1989	1819	5672	5719
10	1989	1819	5682	5732
15	1989	1819	5680	5723
15	1989	1819	5690	5728m
5	1989	1819	5687	5728
15	1989	1820	5694	5735
15	1989	1820	5702	5740
10	1989	1820	5696	5750
10	1989	1820	5707	5755
5	1989	1820	5707	5748
15	1989	1820	5698	5747
10	1989	1820	5703	5753
10	1989	1820	5709	5758
15	1989	1820	5709	5768
15	1989	1820	5716	5777
5	1989	1820	5719	5764
5	1989	1820	5723	5774
10	1989	1820	5728	5776
10	1989	1821	5739	5783a
15	1989	1821	5739	5787
5	1989	1821	5738	5782
10	1989	1820	5735	5784
10	1989	1821	5750	5786
15	1989	1821	5755	5790d
10	1989	1821	5747	5793
15	1989	1821	5748	5790d
15	1989	1821	5768	5803
5	1989	1821	5763	5808a
5	1989	1821	5775	5805
15	1989	1821	5777	5806
15	1989	1821	5770	5812
5	1989	1821	5769	5810
15	1989	1821	5781	5817
15	1989	1821	5776	5818
15	1989	1821	5783	5826
15	1989	1821	5783	5821
10	1989	1822	5786	5827
15	1989	1822	5793	5830a
10	1989	1822	5799	5837
15	1989	1822	5808a	5846
10	1989	1822	5810	5854
5	1989	1822	5822	5853
15	1989	1822	5811	5858m
15	1989	1823	5844	5885
5	1989	1823	5836	5878
5	1989	1823	5850	5881
15	1989	1823	5850	5894
5	1989	1823	5843	5888
15	1989	1823	5846	5882
10	1989	1823	5860	5895
5	1989	1823	5853	5897
10	1989	1823	5854	5898
5	1989	1823	5862	5913
15	1990	1824	5873	5914
5	1990	1824	5871	5921
5	1990	1824	5874	5921a
10	1990	1824	5875	5921b
15	1990	1824	5884	5938a
10	1990	1824	5884	5929
10	1990	1824	5882	5933
10	1990	1824	5882	5927
5	1990	1824	5890	5937
10	1990	1824	5900	5941
10	1990	1824	5908	5947
15	1990	1825	5913	5948
10	1990	1825	5919	5960m
15	1990	1825	5920	5960
5	1990	1825	5930	5966
10	1990	1825	5927	5967
15	1990	1825	5946	5973
5	1990	1825	5950	5978
15	1990	1825	5941	5984
5	1990	1825	5947	5987
15	1990	1825	5948	5987a
10	1990	1825	5948	5989
15	1990	1826	5960	5993
15	1990	1826	5964	6006
15	1990	1826	5965	5999
15	1990	1826	5965	6008
15	1990	1826	5967	6007
10	1990	1826	5967	6010
10	1990	1826	5969	6012
15	1990	1826	5974	6018
5	1990	1826	5984	6021
10	1990	1827	5991	6030
10	1990	1826	5983	6032a
10	1990	1826	5987	6031
15	1990	1827	5998	6043
10	1990	1827	5995	6037
15	1990	1827	5996	6036a
5	1990	1827	6001	6045
10	1990	1827	6014	6049
15	1990	1827	6026	6058
10	1990	1827	6024	6065
10	1990	1827	6021	6066
15	1990	1827	6022	6062
15	1990	1827	6032	6064
15	1990	1828	6038	6074
10	1990	1828	6043	6070
10	1990	1828	6043m	6070
15	1990	1828	6045	6077
15	1990	1828	6052	6094
5	1990	1828	6050	6094
15	1990	1828	6060	6101
10	1990	1828	6066	6098
10	1990	1828	6062	6096
5	1990	1829	6070	6107a
15	1990	1829	6071	6115
15	1990	1829	6078	6114
15	1990	1829	6078	6114a
15	1990	1829	6078	6124
15	1990	1829	6077	6120a
10	1990	1829	6094	6137
5	1990	1829	6090	6131
5	1990	1829	6089	6144
10	1990	1829	6095	6138
15	1990	1829	6096	6153m
15	1990	1829	6100	6142m
10	1990	1830	6118	6167
15	1990	1830	6122	6175
5	1990	1830	6122	6164
10	1990	1830	6134	6171
15	1990	1830	6126	6168
15	1990	1830	6126	6174
5	1990	1830	6131	6177
10	1990	1830	6137	6174
15	1990	1830	6133	6179
15	1990	1830	6133	6180
10	1990	1831	6153m	6188
15	1990	1831	6151	6196
10	1990	1831	6138n	6198
15	1990	1831	6170	6206
5	1990	1831	6162	6215
15	1990	1831	6168	6235
10	1990	1831	6168	6223
15	1990	1831	6171	6232
15	1990	1831	6174	6226m
5	1990	1831	6172	6227
10	1990	1831	6179	6231
15	1990	1831	6179	6233
15	1990	1831	6201	6233
5	1990	1831	6201	6240
15	1990	1831	6180	6240
10	1990	1831	6192	6237
15	1990	1831	6192	6242
5	1990	1831	6186	6239
10	1990	1832	6194	6242
10	1990	1832	6197	6249
10	1990	1832	6197	6252
10	1990	1832	6199	6252
5	1990	1832	6203	6254
15	1990	1832	6216	6253
5	1990	1832	6216	6254a
10	1990	1832	6220	6262
15	1990	1832	6209	6262b
10	1990	1832	6214	6257
5	1990	1832	6215	6263
15	1990	1832	6235	6272
10	1990	1832	6223	6272
15	1990	1832	6227	6275
10	1990	1832	6228	6279
15	1990	1832	6230	6278
10	1990	1832	6230	6279b
5	1990	1832	6233	6280
5	1990	1832	6238	6285
15	1990	1832	6238	6291
10	1990	1833	6252	6301
5	1990	1833	6252	6300
10	1990	1833	6262	6318
10	1990	1833	6257	6307
10	1990	1833	6267	6313
5	1990	1833	6263	6312
5	1990	1833	6266	6319
15	1990	1833	6269	6323
10	1990	1833	6279	6325
15	1990	1833	6290	6330
10	1990	1833	6278	6326
15	1990	1834	6302	6347
10	1990	1834	6318	6349
10	1990	1834	6320	6352m
15	1990	1834	6316	6365a
10	1990	1834	6309	6353
15	1990	1834	6309	6362
5	1990	1834	6312	6362
5	1990	1834	6319	6369
5	1990	1834	6314	6359
10	1990	1834	6313	6360
5	1990	1834	6311	6358
10	1990	1834	6327	6368
15	1990	1835	6344	6372
5	1990	1835	6345	6381
15	1990	1835	6345	6388
15	1990	1835	6347	6385
15	1990	1835	6347	6393
5	1990	1835	6355	6383
10	1990	1835	6349	6407b
15	1990	1835	6358	6395
15	1990	1835	6361	6404b
10	1990	1835	6368	6412
10	1990	1836	6382	6422
10	1990	1836	6387	6429
15	1990	1836	6402	6432
10	1990	1836	6397	6431
15	1990	1836	6410	6446
15	1990	1836	6415	6451
15	1990	1836	6412	6444
15	1990	1837	6423	6459a
10	1990	1837	6424	6459
5	1990	1837	6422	6468
10	1990	1837	6430	6463
10	1990	1837	6430	6466
15	1990	1837	6427	6466
10	1991	1837	6442	6471
10	1991	1837	6444	6487
15	1991	1837	6447	6501
15	1991	1837	6455	6489
10	1991	1838	6466	6517
5	1991	1838	6472	6513
10	1991	1838	6469	6508
10	1991	1838	6469	6521
10	1991	1838	6471	6524
5	1991	1838	6471	6524a
10	1991	1838	6477	6529a
10	1991	1838	6477	6520b
15	1991	1838	6484	6530
10	1991	1838	6484	6532
15	1991	1838	6487	6536
15	1991	1838	6502	6540b
15	1991	1839	6501	6542
5	1991	1838	6489	6542
10	1991	1839	6509	6555
10	1991	1839	6513	6559
15	1991	1839	6516	6560
5	1991	1839	6542	6570
10	1991	1839	6545	6589
15	1991	1839	6546	6582
10	1991	1840	6556	6600
15	1991	1840	6556	6598
15	1991	1840	6556	6593
10	1991	1840	6555	6596
15	1991	1840	6555	6597
5	1991	1840	6562	6604c
10	1991	1840	6572	6608
15	1991	1840	6565	6605
5	1991	1840	6584	6616
15	1991	1840	6568	6615
15	1991	1840	6569	6627d
15	1991	1841	6582	6622
15	1991	1841	6583	6625
15	1991	1841	6592	6634
10	1991	1841	6593	6630
10	1991	1841	6593	6632c
10	1991	1841	6612	6643
10	1991	1841	6604	6651
15	1991	1841	6615	6655
10	1991	1841	6615	6652
10	1991	1842	6619	6658m
10	1991	1842	6621	6663
10	1991	1842	6632	6668c
5	1991	1842	6625	6666a
15	1991	1842	6632b	6666c
15	1991	1842	6632b	6669
10	1991	1842	6634	6672
10	1991	1842	6634	6671
15	1991	1842	6633	6683
10	1991	1842	6633	6677
10	1991	1842	6633	6680
15	1991	1842	6633	6682
15	1991	1842	6646	6682
15	1991	1842	6647	6687
10	1991	1842	6651	6688
10	1991	1842	6648	6691a
10	1991	1842	6654	6694
5	1991	1842	6655	6698
5	1991	1842	6652	6692
15	1991	1842	6660	6699
10	1991	1843	6667	6714
5	1991	1843	6664	6709
10	1991	1843	6668	6707
15	1991	1843	6668	6712
10	1991	1843	6675	6716a
5	1991	1843	6671	6716
15	1991	1843	6673	6718
10	1991	1843	6680	6722
15	1991	1843	6689	6728
5	1991	1842	6644	6730
10	1991	1843	6697	6733
15	1991	1843	6693	6741a
15	1991	1843	6700	6740
5	1991	1843	6704	6741
10	1991	1843	6695	6739
10	1991	1843	6699	6756b
10	1991	1844	6714	6750
10	1991	1844	6706	6756
15	1991	1844	6709	6750
10	1991	1844	6709	6762a
10	1991	1844	6709	6762
15	1991	1844	6711	6757
15	1991	1844	6715	6759e
5	1991	1844	6718	6767
10	1991	1844	6722	6768
5	1991	1844	6729	6776
10	1991	1844	6730	6777
5	1991	1844	6743	6774b
10	1991	1844	6736	6782
10	1991	1844	6736	6795
10	1991	1844	6736	6786
10	1991	1844	6742	6795
10	1991	1844	6742	6786
15	1991	1844	6744	6796
10	1991	1844	6748	6802
10	1991	1844	6734	6785
5	1991	1844	6741	6791
10	1991	1844	6741	6801
5	1991	1844	6739	6792
15	1991	1844	6739	6804
10	1991	1845	6758	6809
10	1991	1845	6758	6807a
15	1991	1845	6768	6821
15	1991	1845	6778	6822
5	1991	1845	6784	6824
15	1991	1845	6781	6827
10	1991	1845	6795	6828
10	1991	1845	6786	6828
15	1991	1845	6793	6841b
15	1991	1845	6791	6840
5	1991	1845	6801	6840
15	1991	1845	6798	6841a
10	1991	1846	6803	6842
15	1991	1846	6812	6852
10	1991	1846	6811	6851
10	1991	1846	6815	6848
15	1991	1846	6826	6867
10	1991	1846	6832	6877
10	1991	1846	6841	6882a
10	1991	1847	6844	6884
5	1991	1847	6848	6898
10	1991	1847	6855	6896a
10	1991	1847	6861	6902
5	1991	1847	6873	6916
15	1991	1848	6869m	6925
5	1991	1847	6850	6933
15	1991	1847	6850	6939
15	1991	1847	6850	6932
15	1991	1848	6906	6951a
15	1991	1848	6906	6943a
15	1991	1848	6918	6962
10	1991	1848	6918	6950
10	1991	1848	6908	6950
10	1991	1848	6921	6955
5	1991	1849	6929	6972
10	1991	1849	6939	6972
15	1991	1849	6958	6994
15	1991	1849	6960	7004
10	1991	1849	6961	7006
15	1991	1850	6966	7010e
10	1991	1850	6972	7008
10	1991	1849	6940	7012
5	1991	1850	6991	7033
10	1991	1850	6993	7033b
15	1991	1850	6994	7036
10	1992	1850	6996	7041
5	1992	1851	7008	7053
10	1992	1851	7008	7062
10	1992	1851	7009	7058
15	1992	1851	7038	7083
10	1992	1851	7033	7072
15	1992	1851	7035	7078
10	1992	1851	7035	7088
10	1992	1851	7041	7086m
10	1992	1852	7051	7085
15	1992	1852	7054	7094
10	1992	1852	7062	7091
5	1992	1852	7065	7093
5	1992	1852	7058	7094
10	1992	1852	7056	7094b
10	1992	1852	7060	7098
10	1992	1852	7060	7100
10	1992	1852	7067	7108
10	1992	1852	7067	7109
10	1992	1851	7030	7110
10	1992	1851	7030	7115
15	1992	1852	7072	7109b
5	1992	1852	7072	7111
15	1992	1852	7074	7111a
10	1992	1852	7081	7120
15	1992	1853	7091	7123
10	1992	1853	7098	7125
15	1992	1853	7100	7125
10	1992	1853	7116	7140
10	1992	1853	7117	7141
15	1992	1854	7122	7140
10	1992	1854	7123	7159
10	1992	1854	7125	7157
10	1992	1854	7128	7160
10	1992	1853	7119	7163
10	1992	1854	7130d	7163c
15	1992	1854	7130d	7169a
10	1992	1854	7132	7165
10	1992	1854	7135	7170
15	1992	1854	7135	7176
10	1992	1854	7143	7175
15	1992	1855	7150	7175
10	1992	1855	7150	7175a
5	1992	1855	7154	7183
10	1992	1855	7171	7197
15	1992	1855	7172	7201
15	1992	1856	7195	7219
5	1992	1856	7194	7222
10	1992	1856	7197	7225
10	1992	1856	7201	7229
10	1992	1856	7205	7227
5	1992	1857	7216	7241
15	1992	1857	7216	7242
15	1992	1857	7222	7248
5	1992	1857	7222	7255
5	1992	1857	7220	7248
5	1992	1857	7225	7259
10	1992	1858	7241	7267a
15	1992	1858	7242	7267a
5	1992	1858	7251	7273
10	1992	1859	7272	7289
10	1992	1859	7270	7294
5	1992	1860	7291	7313
10	1992	1860	7289	7316
15	1992	1860	7294	7319a
10	1992	1860	7301	7325
10	1992	1860	7301	7325a
15	1992	1860	7303	7325
15	1992	1860	7303	7325a
15	1992	1861	7311	7341
15	1992	1861	7315	7343
10	1992	1861	7315	7337
10	1992	1861	7316	7340
10	1992	1861	7321	7345
5	1992	1861	7325	7351
5	1992	1862	7335	7355
10	1992	1862	7341	7360
10	1992	1862	7342	7363
10	1992	1862	7337	7364
15	1992	1862	7347	7369
10	1992	1862	7346	7369
10	1992	1862	7346	7370
5	1992	1862	7348	7378
10	1992	1863	7355	7393
10	1992	1863	7362	7386
15	1992	1863	7364	7399
15	1992	1863	7375	7404
15	1992	1863	7379	7406
15	1993	1864	7386	7412q
10	1993	1864	7391	7416
15	1993	1864	7400	7416
5	1993	1864	7400	7419a
10	1993	1864	7403	7425
15	1993	1864	7406	7429
15	1993	1865	7414	7442
15	1993	1865	7417	7443
15	1993	1865	7420	7440
5	1993	1865	7420	7444m
10	1993	1865	7420	7444
15	1993	1865	7424	7446a
10	1993	1865	7425	7448
5	1993	1865	7429	7450a
10	1993	1865	7429	7452
5	1993	1865	7431	7452
15	1993	1866	7432	7454
10	1993	1866	7433	7454a
5	1993	1866	7435	7464
15	1993	1866	7440	7468m
10	1993	1866	7452	7479m
10	1993	1866	7452	7479
5	1993	1866	7452	7485
10	1993	1867	7466	7488
15	1993	1867	7465	7497
10	1993	1867	7472	7493n
15	1993	1868	7486	7504
15	1993	1868	7486	7506
10	1993	1868	7483	7509
15	1993	1868	7488	7510
15	1993	1868	7490	7510c
10	1993	1868	7497	7513m
5	1993	1868	7499	7517a
15	1993	1868	7496	7521m
15	1993	1868	7496	7521
15	1993	1869	7517	7529m
5	1993	1869	7518	7534a
5	1993	1869	7522	7541
10	1993	1870	7525	7549
5	1993	1870	7530	7553
10	1993	1871	7542	7562
5	1993	1871	7543	7558b
15	1993	1871	7548	7569m
5	1993	1871	7548	7565
10	1993	1872	7558	7575a
15	1993	1872	7566	7581
10	1993	1872	7568	7581b
15	1993	1872	7572	7589a
5	1993	1872	7572	7588
10	1993	1873	7585	7602
15	1993	1873	7585	7604a
10	1993	1874	7590	7608
10	1993	1874	7592	7612
5	1993	1874	7597	7617
5	1993	1875	7613	7623
10	1993	1875	7618	7637
5	1993	1876	7630	7646
5	1993	1877	7640	7654
15	1993	1877	7644	7658
5	1993	1877	7647	7660a
15	1993	1877	7647	7662
10	1994	1878	7654	7670
10	1994	1878	7660	7675
15	1994	1878	7663	7676
10	1994	1881	7701	7722
5	1994	1882	7722	7731
10	1994	1886	7773	7783
10	1994	1886	7776	7784
10	1994	1887	7783	7796
10	1994	1887	7785	7797
15	1994	1887	7789	7800
10	1994	1888	7799	7811
15	1994	1888	7794	7810
10	1994	1889	7811	7818
10	1994	1890	7815	7823
10	1994	1890	7817	7831
5	1995	1891	7829	7842
10	1995	1891	7829	7843
10	1995	1892	7834	7847
15	1995	1892	7842	7854
10	1995	1892	7844	7856
10	1995	1893	7848	7858
10	1995	1894	7863	7869
15	1995	1896	7877	7885
5	1995	1896	7877	7885a
15	1995	1896	7877	7887
5	1995	1901	7912	7921
5	1995	1902	7921	7930
10	1996	1910	7968	7977
10	1996	1912	7981	7986
10	1996	1916	7997	8004
15	1997	1919	8018	8020
15	1997	1922	8039	8047
10	1997	1922	8038	8048b
10	1997	1922	8040	8052m
10	1997	1925	8062	8075
10	1997	1926	8076	8088c
10	1997	1926	8083	8090
15	1997	1926	8084	8091
15	1997	1926	8084	8094a
5	1997	1926	8085	8091m
15	1997	1929	8103	8113
10	1997	1929	8108	8122m
10	1997	1929	8113	8126
15	1997	1930	8123	8136
5	1997	1930	8124	8142
5	1998	1931	8131	8151
15	1998	1932	8151	8173m
15	1998	1932	8156	8179
5	1998	1933	8164	8183a
15	1998	1933	8171	8189
10	1998	1933	8171	8185
15	1998	1933	8173	8190
15	1998	1933	8182	8200
15	1998	1933	8180	8195
10	1998	1933	8180	8198
10	1998	1933	8183	8205m
15	1998	1934	8185	8211
10	1998	1934	8199	8216m
15	1998	1934	8200	8216n
10	1998	1934	8194	8217
10	1998	1935	8214	8227
5	1998	1935	8218	8232
10	1998	1935	8218	8233a
10	1998	1935	8222	8239
5	1998	1936	8226	8243
10	1998	1936	8225	8249g
15	1998	1936	8236	8259m
10	1998	1936	8232	8263
10	1998	1936	8233a	8263
15	1998	1937	8251	8269
5	1998	1937	8243	8269
15	1998	1937	8255	8280
10	1998	1937	8256	8285
15	1998	1937	8264	8294
15	1998	1938	8274	8296a
10	1998	1938	8280	8308
10	1998	1939	8293	8323
15	1998	1939	8299	8329m
5	1998	1939	8299	8329
5	1998	1939	8299	8326a
5	1998	1939	8301	8328m
15	1998	1939	8301	8330
5	1998	1939	8309	8335b
5	1998	1939	8319	8340
10	1998	1939	8322	8344a
5	1998	1939	8323	8346a
10	1998	1940	8328	8354
10	1998	1940	8331	8359
5	1998	1940	8342	8364
5	1998	1940	8340	8362
5	1998	1940	8340	8362m
15	1998	1940	8340	8367
10	1998	1941	8348m	8369c
5	1998	1941	8354	8374
10	1998	1941	8356	8375
5	1998	1941	8350	8375
10	1998	1941	8359	8381
5	1998	1941	8358	8378
10	1998	1941	8358	8385c
10	1998	1941	8365	8384
15	1998	1942	8375	8398
5	1998	1942	8375	8395
15	1998	1942	8378	8402
15	1998	1942	8385	8403
5	1998	1942	8384	8406
15	1998	1942	8384	8409
10	1998	1943	8396	8414
5	1998	1943	8394	8410a
15	1998	1943	8393	8416m
15	1998	1943	8395	8420
10	1998	1943	8395	8420b
15	1998	1943	8392b	8416a
5	1998	1943	8404	8425
5	1998	1943	8409	8431
15	1998	1944	8419	8447m
15	1998	1944	8421	8449
5	1999	1944	8428	8446m
5	1999	1945	8442	8456
5	1999	1944	8439	8458
10	1999	1945	8440	8462
5	1999	1945	8444	8464
15	1999	1945	8446	8467
10	1999	1945	8449	8469m
10	1999	1945	8456	8482n
5	1999	1945	8457	8485c
10	1999	1945	8458	8484
10	1999	1945	8458	8482m
15	1999	1946	8464	8487
15	1999	1946	8471	8497
15	1999	1946	8471	8499o
10	1999	1946	8478	8503a
10	1999	1946	8476	8498a
5	1999	1946	8476	8498
5	1999	1946	8483	8502m
15	1999	1947	8485	8508m
15	1999	1947	8484	8511m
10	1999	1947	8487	8509m
15	1999	1947	8488	8513m
15	1999	1947	8493	8517a
15	1999	1947	8493	8519
5	1999	1947	8496	8517b
15	1999	1947	8497	8521m
10	1999	1947	8508	8527a
15	1999	1948	8511	8528b
5	1999	1948	8516	8542
5	1999	1948	8524	8553a
10	1999	1949	8526	8559
10	1999	1948	8525	8555
10	1999	1949	8531	8558m
15	1999	1949	8535	8578
10	1999	1949	8535	8566
10	1999	1949	8541	8578
15	1999	1949	8541	8569
10	1999	1949	8544	8580
15	1999	1949	8548	8590
10	1999	1949	8548	8588
15	1999	1949	8550	8601
10	1999	1949	8552	8596
10	1999	1949	8559	8596
10	1999	1949	8559	8598
10	1999	1949	8555	8609
5	1999	1950	8562	8603
10	1999	1950	8567	8603
10	1999	1950	8578	8613
15	1999	1950	8578	8614
10	1999	1950	8569	8614
15	1999	1950	8569	8620
10	1999	1950	8569	8614m
10	1999	1950	8576	8615
10	1999	1950	8569a	8620
10	1999	1950	8580	8625
10	1999	1950	8583	8627
10	1999	1950	8600	8643
15	1999	1950	8592	8636
5	1999	1950	8592	8643m
15	1999	1950	8594	8646
15	1999	1950	8594	8652a
10	1999	1950	8602	8640
15	1999	1950	8602	8652
15	1999	1951	8617	8652m
10	1999	1951	8611	8644
15	1999	1951	8620	8655
5	1999	1951	8625	8663b
10	1999	1951	8631	8662n
5	1999	1951	8636	8668
10	1999	1952	8653	8668m
10	1999	1951	8640	8668n
15	1999	1952	8652m	8678
10	1999	1952	8651	8676
10	1999	1952	8656	8675
10	1999	1952	8661	8679a
10	1999	1952	8657	8691m
5	1999	1952	8662	8694
10	1999	1952	8668	8695
15	1999	1953	8673	8704
5	1999	1953	8681	8706
15	1999	1953	8681	8706m
5	1999	1953	8675	8708a
15	1999	1953	8675	8711
15	1999	1953	8675	8708c
5	1999	1953	8689	8710
10	1999	1953	8690	8720
15	1999	1953	8699	8720m
10	1999	1953	8699	8723
10	1999	1953	8692	8725
10	1999	1953	8695	8727m
15	1999	1953	8695	8728
10	1999	1953	8700	8731a
10	1999	1953	8700	8731
10	1999	1954	8704	8736
15	1999	1954	8706	8738
10	1999	1954	8713	8745
10	1999	1954	8716	8751
5	1999	1954	8728	8755
10	1999	1954	8732	8758
5	1999	1954	8732	8761
15	1999	1954	8731a	8759
10	1999	1954	8731	8759
10	1999	1955	8737	8765
15	1999	1955	8743	8771m
5	1999	1955	8749	8780a
5	1999	1955	8751	8786
10	1999	1955	8751	8789m
10	1999	1955	8753	8784a
10	1999	1955	8760	8785
5	1999	1955	8759	8790
10	1999	1956	8768	8792
15	1999	1956	8765	8794
10	1999	1956	8766	8805
10	1999	1956	8776	8798m
15	1999	1956	8771	8798
15	1999	1956	8778	8804
5	1999	1957	8798	8824
5	1999	1957	8806	8833
10	1999	1957	8811	8836m
5	1999	1957	8813	8849
15	1999	1957	8814	8852m
10	2000	1958	8826	8855
10	2000	1958	8826	8855m
15	2000	1958	8827	8853
15	2000	1958	8821	8858
15	2000	1958	8824	8871
5	2000	1958	8829	8866
15	2000	1958	8831	8863
10	2000	1958	8833	8870
15	2000	1958	8840	8875
10	2000	1959	8841a	8894
15	2000	1958	8848	8887
5	2000	1959	8851n	8889
5	2000	1959	8861	8892
15	2000	1959	8855m	8896
15	2000	1959	8856	8898
10	2000	1959	8858	8904
15	2000	1959	8871	8903
15	2000	1959	8871	8907
5	2000	1959	8862	8905
5	2000	1959	8867	8907
10	2000	1959	8879	8915
15	2000	1959	8881	8927
10	2000	1959	8886	8919
10	2000	1959	8883	8922
5	2000	1959	8882	8919m
15	2000	1959	8882	8921
15	2000	1960	8894	8926m
10	2000	1959	8889	8928
15	2000	1959	8891	8925
15	2000	1960	8904	8942a
15	2000	1960	8904	8939
15	2000	1960	8898	8936
15	2000	1960	8898	8939a
5	2000	1960	8903	8939a
5	2000	1960	8906	8948
10	2000	1960	8910	8956
10	2000	1960	8917	8958
15	2000	1960	8917	8954m
10	2000	1960	8921	8965c
5	2000	1960	8921	8965
10	2000	1960	8924	8969
10	2000	1960	8925	8967a
10	2000	1961	8933	8971
5	2000	1961	8931	8970
5	2000	1961	8932	8977
10	2000	1961	8932	8976
10	2000	1961	8939	8976a
10	2000	1961	8948	8984
10	2000	1961	8949	8986a
10	2000	1961	8951	8994
15	2000	1961	8960	8989
10	2000	1961	8959	8994b
10	2000	1961	8958	9001
15	2000	1961	8958	8991
10	2000	1961	8955	9005
15	2000	1961	8962	8990a
15	2000	1961	8963	8992a
10	2000	1961	8968	8996a
5	2000	1961	8968	8998
5	2000	1962	8973	8999
5	2000	1961	8965	9008m
15	2000	1961	8967	9002
15	2000	1961	8967	9002n
10	2000	1962	8970	9009
10	2000	1962	8971	9011
10	2000	1962	8984	9028m
5	2000	1962	8993	9022n
5	2000	1962	8989	9028c
10	2000	1962	8990	9030
5	2000	1962	8996	9036
5	2000	1962	8998	9045m
15	2000	1962	8998	9045
5	2000	1962	9002	9040
5	2000	1962	9008	9052
15	2000	1962	9008	9047
10	2000	1963	9010	9046a
5	2000	1963	9011	9046
5	2000	1963	9017	9056
15	2000	1963	9024	9061
15	2000	1963	9028b	9057n
10	2000	1963	9026	9071
15	2000	1963	9026m	9071
15	2000	1963	9026m	9065
10	2000	1963	9030	9066
10	2000	1963	9032	9068
10	2000	1963	9035	9068
10	2000	1963	9038	9072
10	2000	1963	9041	9070
10	2000	1963	9033	9070m
10	2000	1963	9036	9076
10	2000	1963	9040	9077
15	2000	1963	9040	9077m
15	2000	1963	9040	9084
5	2000	1964	9052	9079
10	2000	1963	9042	9084m
15	2000	1964	9046	9095
10	2000	1964	9054	9090
5	2000	1964	9056	9096
5	2000	1964	9057	9099
5	2000	1964	9061	9101
15	2000	1964	9061	9106
5	2000	1964	9063	9090n
15	2000	1964	9057a	9101
5	2000	1964	9067	9104
10	2000	1964	9066	9112
5	2000	1964	9069	9107
15	2000	1964	9070	9105
10	2000	1964	9073	9110
10	2000	1964	9077	9115
10	2000	1964	9082	9116m
15	2000	1964	9082	9116
10	2000	1965	9084m	9122c
10	2000	1965	9088	9122c
15	2000	1965	9095	9123
5	2000	1965	9087	9124
10	2000	1965	9090	9128
15	2000	1965	9097	9134
5	2000	1965	9099	9134b
10	2000	1965	9102	9138a
10	2000	1965	9102	9143m
5	2000	1965	9104	9143n
5	2000	1965	9105	9142
5	2000	1965	9110	9148
10	2000	1965	9114	9151
10	2000	1965	9114	9150
15	2000	1966	9119c	9151
5	2000	1965	9115	9152
15	2000	1966	9124	9159
10	2000	1966	9139	9168a
15	2000	1966	9144	9167n
5	2000	1966	9140	9169
5	2000	1966	9154	9186a
5	2000	1967	9156	9181
15	2000	1967	9161	9189m
5	2000	1967	9165	9189
5	2000	1967	9166	9194
10	2000	1967	9167	9203
15	2000	1967	9167	9202
15	2000	1967	9169	9202
10	2000	1967	9173	9215c
10	2000	1967	9176	9208
15	2000	1967	9178	9209
10	2000	1968	9193	9220
10	2000	1968	9190	9223
5	2000	1968	9199	9229
5	2000	1969	9214	9243
15	2000	1969	9222	9247
10	2000	1968	9213	9248
10	2000	1969	9219	9245
10	2000	1969	9230	9249
15	2000	1969	9221	9259m
15	2000	1969	9227	9254a
15	2000	1969	9229	9262m
15	2000	1969	9229	9267
10	2000	1969	9231	9264
10	2000	1969	9235	9269
5	2000	1969	9236	9273
5	2000	1969	9240	9280
15	2000	1969	9240	9282m
15	2000	1970	9242	9280m
5	2000	1970	9242	9282
15	2000	1970	9246a	9285m
5	2000	1970	9266	9294
15	2000	1970	9271	9295n
10	2000	1970	9267	9301
5	2000	1970	9269	9308
15	2000	1970	9268	9308m
15	2000	1970	9279	9311b
10	2000	1970	9280	9312
10	2000	1971	9283	9323m
15	2000	1971	9283	9316
10	2000	1971	9289	9321a
15	2001	1971	9293	9331
15	2001	1971	9297	9333
5	2001	1971	9294	9336m
15	2001	1971	9296	9330n
10	2001	1971	9302	9340b
15	2001	1971	9301	9334
5	2001	1971	9301	9340a
10	2001	1971	9304	9334
10	2001	1971	9304	9335
10	2001	1971	9308	9348
15	2001	1972	9325	9359
10	2001	1972	9334	9367
5	2001	1972	9338	9370a
15	2001	1972	9348	9378m
15	2001	1972	9349	9379
15	2001	1972	9350	9384m
5	2001	1972	9356	9376
10	2001	1973	9354	9376a
10	2001	1973	9358	9391n
15	2001	1973	9359	9399a
15	2001	1973	9359	9400
15	2001	1973	9359	9390
10	2001	1973	9364	9405
15	2001	1973	9371	9401
10	2001	1973	9365	9397
10	2001	1973	9365	9408
10	2001	1973	9366	9407a
10	2001	1973	9368	9406
10	2001	1973	9370	9411
5	2001	1973	9373	9420
10	2001	1973	9376	9422
15	2001	1974	9392	9434
5	2001	1974	9387	9432
10	2001	1974	9396	9432n
5	2001	1974	9393	9433
10	2001	1974	9395	9438
5	2001	1974	9401	9438a
15	2001	1974	9397	9438
10	2001	1974	9397	9436
5	2001	1974	9408	9436
10	2001	1974	9413	9440
15	2001	1974	9406	9442
15	2001	1974	9427	9449m
15	2001	1974	9420	9453
10	2001	1974	9424	9449
10	2001	1975	9429	9469
10	2001	1975	9432	9469
15	2001	1975	9437	9463
5	2001	1975	9436	9466
15	2001	1975	9436	9465
10	2001	1975	9446	9467
5	2001	1975	9447	9472
10	2001	1976	9454	9493m
15	2001	1976	9462	9505
15	2001	1976	9475	9514
15	2001	1976	9487	9525
5	2001	1977	9489	9525
5	2001	1977	9493	9529
10	2001	1977	9503	9544
10	2001	1977	9504	9535
10	2001	1977	9506	9538
10	2001	1977	9506	9541
5	2001	1977	9512	9543
10	2001	1977	9516	9553
10	2001	1978	9530	9557n
5	2001	1978	9530	9557m
15	2001	1978	9521m	9568
15	2001	1978	9537	9570
15	2001	1978	9539	9572a
5	2001	1978	9535	9571
10	2001	1978	9538	9573a
5	2001	1978	9541	9573a
10	2001	1978	9564	9595m
10	2001	1979	9562	9596a
15	2001	1979	9563	9596
15	2001	1979	9576	9600
10	2001	1979	9574	9603m
10	2001	1979	9570	9603
10	2001	1979	9581	9608a
10	2001	1979	9579	9608a
5	2001	1979	9575	9615
10	2001	1979	9591	9628
10	2001	1980	9604	9632
10	2001	1980	9596	9633
5	2001	1980	9606	9647
10	2001	1980	9612	9656a
5	2001	1980	9610	9650
15	2001	1980	9622	9661
15	2001	1980	9620	9671
10	2001	1980	9621	9671
10	2001	1980	9628	9670
15	2001	1981	9635	9669m
5	2001	1981	9632	9672
10	2001	1981	9633	9677
15	2001	1981	9634	9676
15	2001	1981	9636	9676
15	2001	1981	9637	9675m
10	2001	1981	9645	9679m
10	2001	1981	9641	9683a
15	2001	1981	9653	9687
10	2001	1981	9659	9692m
15	2001	1981	9658	9690
15	2001	1981	9662	9688n
5	2001	1981	9661	9694
15	2001	1981	9669	9697
15	2001	1981	9670	9711
5	2001	1982	9672	9704
10	2001	1982	9678	9713
15	2001	1982	9679	9714
5	2001	1982	9682	9712
15	2001	1982	9684	9719
10	2001	1982	9684	9715
10	2001	1982	9685	9717
5	2001	1982	9693	9721
10	2001	1982	9694	9731n
15	2001	1982	9695	9733
15	2001	1982	9697	9733
10	2001	1982	9704	9738
10	2001	1983	9713	9741a
10	2001	1983	9714	9743
5	2001	1983	9714	9748
10	2001	1983	9712	9747
10	2001	1983	9715	9751
15	2001	1983	9715	9762
15	2001	1983	9716	9754
15	2001	1983	9717	9764m
15	2001	1983	9718	9755
5	2001	1983	9718	9768
15	2001	1983	9723	9768
10	2001	1983	9721	9761
5	2001	1983	9726	9767
15	2001	1983	9739	9772
10	2001	1984	9742	9782
10	2001	1984	9752	9781m
15	2001	1984	9743	9783n
5	2001	1984	9743	9783
10	2001	1984	9748	9783
10	2001	1984	9745	9789
10	2001	1984	9751	9792
10	2001	1984	9753	9788b
10	2001	1984	9754	9787
10	2001	1984	9755	9798
10	2001	1984	9763	9800
10	2001	1984	9765	9800
10	2001	1984	9767	9804
15	2002	1984	9773	9808
10	2002	1984	9775	9809
5	2002	1985	9782	9822a
15	2002	1985	9783	9835
10	2002	1985	9788	9835a
10	2002	1985	9793	9832
10	2002	1985	9800	9837
5	2002	1985	9802	9847
10	2002	1985	9809	9851
15	2002	1985	9811	9853
5	2002	1986	9822	9864
15	2002	1986	9822	9868
10	2002	1986	9824	9869
5	2002	1986	9835	9866
5	2002	1986	9830	9871
10	2002	1986	9839	9871a
15	2002	1986	9847	9876m
10	2002	1986	9845	9882
10	2002	1987	9859	9888
10	2002	1987	9856	9897
10	2002	1987	9864	9893
5	2002	1987	9866	9896
5	2002	1987	9880	9909
15	2002	1987	9880	9912
10	2002	1987	9878	9912n
10	2002	1987	9884	9916
10	2002	1987	9885	9926
5	2002	1987	9886	9930
10	2002	1987	9887	9926a
15	2002	1988	9900	9927
10	2002	1988	9900	9932
10	2002	1988	9904	9936
15	2002	1988	9904	9934
10	2002	1988	9893	9933
10	2002	1988	9896	9937
10	2002	1988	9899	9939
10	2002	1988	9902	9940
10	2002	1988	9907	9950
5	2002	1988	9910	9948
5	2002	1988	9912	9951
10	2002	1988	9925	9955
15	2002	1988	9924	9955
15	2002	1988	9915	9957
15	2002	1988	9926	9963
5	2002	1988	9926	9967
5	2002	1989	9929	9967b
10	2002	1989	9935	9972
10	2002	1989	9941	9972
5	2002	1989	9932	9980
5	2002	1989	9934	9973
15	2002	1989	9934	9980a
15	2002	1989	9933	9974
10	2002	1989	9939	9985
15	2002	1989	9950	9999
10	2002	1989	9948	9991
10	2002	1989	9960	10007
15	2002	1989	9961	10003c
5	2002	1990	9973	10016
5	2002	1990	9974	10017a
10	2002	1990	9987	10019
10	2002	1990	9991	10025
15	2002	1990	9992	10025
10	2002	1990	9992	10028
10	2002	1991	10017	10042
10	2002	1991	10016	10039
10	2002	1991	10019	10051
15	2002	1991	10034a	10070m
5	2002	1991	10035	10068
15	2002	1991	10035	10069
5	2002	1991	10036	10069
10	2002	1991	10037	10076
15	2002	1992	10039	10084
10	2002	1992	10050	10085
15	2002	1992	10051	10092
10	2002	1992	10058	10099
15	2002	1992	10058	10090m
10	2002	1992	10059	10097
15	2002	1992	10072	10100
10	2002	1992	10070	10102
5	2002	1992	10067	10104
5	2002	1992	10069	10105
15	2002	1992	10069	10114
10	2002	1993	10079	10108
5	2002	1993	10080	10116
15	2002	1993	10080	10118m
10	2002	1993	10084	10123
5	2002	1993	10085	10117
15	2002	1993	10087	10131
15	2002	1993	10099	10138m
5	2002	1993	10097	10134
15	2002	1993	10095	10138
10	2002	1993	10096	10134c
10	2002	1993	10110	10139m
5	2002	1993	10105	10140
15	2002	1993	10105	10146
5	2002	1993	10107	10144
10	2002	1993	10114	10146
5	2002	1994	10119	10154
10	2002	1994	10117	10158
15	2002	1994	10117	10159
5	2002	1994	10127	10159
15	2002	1994	10130	10162m
10	2002	1994	10129	10162
5	2002	1994	10137	10169
5	2002	1994	10139	10176
15	2002	1995	10144	10188
10	2002	1995	10145	10189m
10	2002	1995	10145	10189
5	2002	1995	10149	10189
15	2002	1995	10149	10192
10	2002	1995	10162	10197
10	2002	1995	10165	10199
15	2002	1995	10177	10205
10	2002	1995	10182	10209
10	2002	1996	10185	10216a
10	2002	1996	10191	10215
10	2002	1996	10194	10218
10	2002	1996	10195	10218m
10	2002	1996	10197	10223
15	2002	1996	10198	10224
5	2002	1996	10205	10234
5	2002	1996	10207	10239o
5	2002	1996	10209	10243
5	2002	1997	10226	10250
15	2002	1997	10224	10255
10	2002	1997	10224	10251
10	2002	1998	10239	10275
10	2003	1998	10242	10274
15	2003	1998	10249	10280c
10	2003	1998	10255	10277d
5	2003	1998	10254	10281
10	2003	1999	10274	10294
10	2003	1999	10274	10293d
10	2003	1999	10276	10304
15	2003	1999	10276	10297
10	2003	1999	10278	10302
10	2003	1999	10282	10312
10	2003	1999	10282m	10315
15	2003	1999	10288	10317a
10	2003	1999	10290	10317a
5	2003	2000	10292	10316a
10	2003	2000	10296	10325
15	2003	2000	10304	10324
15	2003	2000	10304	10326
10	2003	2000	10306	10330
5	2003	2000	10314	10332m
5	2003	2001	10319	10336
5	2003	2001	10318	10337
15	2003	2001	10323	10340
15	2003	2001	10323	10350
10	2003	2001	10326	10349
10	2003	2001	10325	10346
5	2003	2001	10330	10351
15	2003	2002	10338	10361a
15	2003	2002	10342	10361a
15	2003	2002	10345	10367
10	2003	2002	10349	10367
10	2003	2002	10348	10368
5	2003	2002	10351	10373
15	2003	2002	10353	10376m
10	2003	2002	10356	10378
10	2003	2002	10357	10380
5	2003	2003	10365	10386
5	2003	2003	10373	10392
15	2003	2003	10375	10397
15	2003	2003	10375	10399
10	2003	2003	10380	10406
5	2003	2004	10387	10413
15	2003	2004	10391	10415
10	2003	2004	10401	10425
10	2003	2005	10406	10424
5	2003	2005	10412	10431m
10	2003	2005	10412	10431a
5	2003	2005	10410	10431
5	2003	2005	10414	10432
15	2003	2006	10430	10449m
15	2003	2005	10424	10449
5	2003	2005	10424	10450
10	2003	2006	10429	10454a
15	2003	2006	10436	10459m
10	2003	2006	10442	10464m
15	2003	2006	10449	10474
5	2003	2007	10456	10471
5	2003	2007	10464	10484
10	2003	2007	10469	10483
5	2003	2007	10466	10485
15	2003	2008	10473	10493
15	2003	2008	10473	10493n
5	2003	2008	10471	10493n
15	2003	2008	10471	10496m
5	2003	2009	10488	10507
15	2003	2009	10488	10507a
5	2003	2008	10486	10508
15	2003	2009	10500	10517
10	2003	2009	10501	10520
10	2003	2009	10508	10523
10	2003	2010	10511	10532m
5	2003	2010	10509	10532
10	2003	2010	10510	10530
10	2003	2010	10510	10530a
5	2003	2010	10520	10537
10	2003	2011	10528	10542
10	2003	2011	10528	10544
5	2004	2011	10536	10546
10	2004	2011	10537	10551n
5	2004	2011	10540	10555
10	2004	2012	10542	10556n
5	2004	2012	10543	10558
15	2004	2012	10547	10567n
5	2004	2012	10551	10569m
15	2004	2012	10556	10572
10	2004	2013	10565	10577n
10	2004	2013	10567	10584
10	2004	2013	10569	10587
15	2004	2014	10578	10594
10	2004	2014	10582	10599
15	2004	2014	10588	10605
10	2004	2015	10591	10606n
10	2004	2016	10609	10629p
15	2004	2016	10613	10632
15	2004	2016	10613	10633
15	2004	2017	10622	10640
15	2004	2017	10631	10643
5	2004	2017	10634	10644
15	2004	2017	10635	10650
15	2004	2017	10635	10649
10	2004	2018	10646	10655r
15	2004	2018	10646	10655p
15	2004	2018	10646	10655t
5	2004	2018	10644	10657
10	2004	2018	10652	10661
10	2004	2019	10654	10663
5	2004	2019	10655	10668
10	2004	2019	10656	10670
15	2004	2019	10661	10672
5	2004	2020	10664	10673m
5	2004	2020	10667	10676
15	2004	2020	10669	10675o
5	2004	2020	10673	10682
15	2004	2020	10673	10683
15	2004	2021	10682	10699o
10	2004	2021	10682	10699
15	2004	2022	10687	10703
15	2004	2022	10689	10704m
10	2004	2022	10689	10704
10	2004	2022	10691	10704
5	2004	2022	10693	10707
10	2004	2022	10696	10708
15	2004	2023	10700	10709m
5	2004	2023	10700	10709
15	2004	2023	10707	10713p
15	2004	2024	10713	10724
10	2005	2025	10718	10731a
5	2005	2025	10720	10732
5	2005	2025	10723	10736n
10	2005	2025	10727	10738
15	2005	2026	10729	10740
15	2005	2026	10732	10741m
15	2005	2026	10733	10742
15	2005	2026	10734	10743
10	2005	2026	10735	10743
15	2005	2027	10741	10748
5	2005	2027	10743	10750
10	2005	2028	10747	10757
15	2005	2028	10750	10758
10	2005	2028	10752	10761
15	2005	2028	10754	10761n
15	2005	2029	10757	10765m
10	2005	2029	10756	10767
10	2005	2029	10762	10773
10	2005	2029	10759	10775
15	2005	2030	10774	10781n
10	2005	2030	10772	10785
10	2005	2030	10775	10786
5	2005	2030	10776	10788
10	2005	2030	10779	10789b
5	2005	2031	10782	10790e
10	2005	2031	10785	10791p
10	2005	2031	10783	10793n
5	2005	2031	10786	10792
15	2005	2032	10793	10804
10	2005	2032	10793m	10804
5	2005	2032	10792	10803
15	2005	2032	10794	10805
10	2005	2033	10799	10805p
5	2005	2033	10797	10805q
5	2005	2033	10798	10808
10	2005	2033	10803	10810m
10	2005	2034	10810	10815
10	2005	2035	10813	10818
10	2005	2036	10822	10834
10	2005	2037	10826	10840
15	2005	2037	10826	10840n
5	2005	2037	10834	10845n
5	2005	2037	10835	10845
10	2005	2037	10835c	10847
15	2005	2037	10837	10847
15	2005	2038	10840	10850o
10	2005	2038	10841	10850n
5	2006	2038	10848	10854n
10	2006	2040	10860	10871
10	2006	2040	10860	10873m
5	2006	2041	10865	10875
10	2006	2041	10867	10876
10	2006	2041	10866	10876m
10	2006	2041	10869	10882
10	2006	2041	10871	10883
10	2006	2043	10892	10898m
15	2006	2044	10898	10902m
10	2006	2046	10904	10908
15	2006	2047	10908	10914n
15	2006	2049	10921	10926
15	2006	2049	10921	10926m
5	2006	2049	10923	10930
5	2006	2050	10926	10932
10	2006	2050	10927	10932q
10	2006	2050	10930	10935
10	2006	2051	10933	10940
5	2007	2051	10935	10941
10	2007	2052	10939	10941r
10	2007	2052	10940	10944
10	2007	2052	10941	10945
10	2007	2053	10944	10947q
15	2007	2057	10958	10961
15	2007	2057	10960	10962
10	2007	2058	10963	10966
15	2007	2060	10970	10970t
15	2007	2064	10978	10980
10	2008	2068	10988	10992m
15	2008	2077	11009	11010a
15	2009	2088	11027	11027n
5	2009	2089	11029	11032m
5	2009	2089	11029	11032
10	2009	2089	11029	11032n
15	2009	2091	11035	11040
15	2010	2092	11040	11045m
5	2010	2092	11042	11047n
15	2010	2093	11049	11054m
10	2010	2093	11048	11054o
5	2010	2094	11052	11056m
5	2010	2094	11054	11061p
10	2010	2094	11057	11062p
15	2010	2095	11061	11064m
15	2010	2097	11076	11085
15	2010	2097	11081	11086o
10	2010	2098	11084	11089p
5	2010	2099	11089	11100
15	2010	2099	11094	11102
5	2010	2099	11092	11101
10	2010	2101	11106	11112
15	2010	2101	11110	11115m
15	2010	2101	11110	11119
10	2010	2101	11109	11117
15	2010	2101	11109	11117m
10	2010	2102	11112	11121
10	2010	2103	11124	11133
15	2010	2103	11127	11135m
10	2010	2104	11133	11140n
5	2011	2106	11149	11160
10	2011	2106	11149	11162
10	2011	2106	11150	11165m
15	2011	2106	11153	11163
5	2011	2106	11156	11170m
10	2011	2106	11157	11169
10	2011	2106	11158	11171
10	2011	2106	11161	11172
5	2011	2106	11161	11175
15	2011	2107	11165	11178
10	2011	2107	11167	11183
15	2011	2107	11170	11181n
15	2011	2107	11166	11184m
10	2011	2109	11176	11195
5	2011	2109	11184	11201
5	2011	2109	11195	11216
10	2011	2109	11200	11223
5	2011	2109	11203	11225
10	2011	2109	11204	11229
10	2011	2109	11210	11232m
10	2011	2110	11225	11241o
5	2011	2110	11225	11242
10	2011	2110	11228	11244
15	2011	2110	11227	11240o
10	2011	2111	11234	11249
5	2011	2111	11236	11251
15	2011	2111	11236	11255
15	2011	2111	11240	11254m
15	2011	2111	11244	11265
10	2011	2112	11261	11280
5	2011	2112	11263	11277
15	2011	2113	11271	11298m
15	2011	2113	11271	11298
10	2011	2114	11280m	11304m
5	2011	2114	11283	11306
15	2011	2114	11287	11308
5	2011	2114	11291	11309
10	2011	2114	11289	11312
10	2011	2114	11301	11328
15	2011	2114	11302	11325
15	2011	2115	11306	11333
5	2011	2115	11313	11338
10	2011	2115	11312	11337m
10	2011	2115	11318	11339
15	2011	2115	11320	11344
15	2011	2115	11327	11346
15	2011	2116	11330	11353
5	2011	2116	11338	11363m
5	2011	2116	11339	11364
15	2011	2116	11345	11370
10	2011	2116	11342	11366
5	2011	2116	11341	11371
10	2011	2117	11357	11376
15	2011	2117	11359	11376
15	2011	2116	11352	11381m
15	2011	2117	11363	11388
15	2011	2117	11367	11389
15	2011	2117	11366	11392
10	2011	2117	11376	11395
15	2011	2118	11382	11403
10	2011	2118	11380	11399
5	2011	2118	11384	11405
5	2011	2118	11386	11403m
15	2011	2118	11388	11411
5	2011	2118	11389	11411m
10	2012	2118	11393	11410
10	2012	2118	11391	11413n
15	2012	2119	11407	11417
15	2012	2119	11402	11419
15	2012	2119	11403m	11418p
10	2012	2119	11413	11426m
10	2012	2119	11410	11423
5	2012	2120	11416	11428m
5	2012	2120	11420	11433
15	2012	2120	11428	11453
5	2012	2120	11429	11451
15	2012	2120	11429	11452
15	2012	2121	11435	11456n
10	2012	2121	11432	11452o
5	2012	2121	11442	11461
15	2012	2121	11449	11465
15	2012	2121	11442m	11461
15	2012	2121	11442m	11466
5	2012	2121	11450	11467
10	2012	2122	11452	11467n
15	2012	2122	11452	11467o
15	2012	2122	11455	11475
10	2012	2122	11454	11480m
15	2012	2122	11462	11477
10	2012	2122	11462	11478
10	2012	2122	11460	11479
10	2012	2122	11460	11482
10	2012	2122	11465	11485
10	2012	2122	11466	11484m
5	2012	2122	11469	11488m
5	2012	2123	11471	11492m
15	2012	2123	11471	11492p
15	2012	2123	11483	11507
5	2012	2123	11483	11507m
5	2012	2123	11484	11506
10	2012	2124	11493	11513
10	2012	2124	11493	11516
10	2012	2124	11494	11515
5	2012	2124	11507	11515n
5	2012	2124	11509	11519n
5	2012	2124	11504	11520
15	2012	2125	11512	11526
10	2012	2125	11513	11528
10	2012	2125	11515	11530
10	2012	2125	11517	11528m
10	2012	2125	11515m	11532
10	2012	2125	11521	11539
15	2012	2125	11519n	11539
10	2012	2125	11520	11541
15	2012	2125	11524	11549
15	2012	2126	11528	11554
10	2012	2126	11530	11552
5	2012	2126	11532	11553
15	2012	2126	11535n	11555o
15	2012	2126	11535n	11558
15	2012	2126	11538	11562
10	2012	2126	11539	11562
10	2012	2126	11540	11563
10	2012	2126	11543	11566
5	2012	2127	11553	11576
10	2012	2127	11555	11577m
10	2012	2127	11555	11577n
5	2012	2127	11558	11577p
5	2012	2127	11562	11576m
15	2012	2127	11568	11582n
5	2012	2127	11569	11586
10	2012	2128	11573	11592m
15	2012	2128	11577	11596
5	2012	2128	11577m	11596
15	2012	2128	11577n	11600
10	2012	2128	11579	11598
10	2012	2128	11582	11599
5	2012	2128	11585	11602
10	2012	2129	11580q	11607
10	2012	2129	11589	11604m
5	2012	2129	11591	11612
10	2012	2129	11593	11614
10	2012	2129	11596	11619m
10	2012	2129	11600	11618
10	2012	2129	11598	11618n
15	2012	2129	11598	11620
10	2012	2129	11599	11620m
15	2012	2130	11610	11627m
10	2012	2130	11610	11627n
10	2012	2130	11611	11629
15	2012	2130	11617	11627o
10	2012	2130	11618	11631m
10	2012	2130	11620	11634
10	2012	2130	11623	11637
5	2012	2130	11625	11636
10	2012	2131	11627n	11642
10	2012	2131	11629	11641n
15	2012	2131	11631	11644m
10	2012	2131	11631	11651
10	2012	2131	11635	11660
10	2012	2131	11640	11662
15	2013	2132	11646	11665
15	2013	2132	11652	11667
5	2013	2132	11652	11667m
10	2013	2132	11654	11669
15	2013	2132	11660	11678
10	2013	2133	11670	11693
5	2013	2133	11671	11694
10	2013	2133	11671	11696m
15	2013	2134	11683	11707m
5	2013	2134	11691	11714
10	2013	2134	11696	11718m
10	2013	2135	11705	11729
10	2013	2135	11704	11727m
5	2013	2135	11711	11732
15	2013	2135	11718	11737
15	2013	2135	11719	11739
15	2013	2135	11719	11739o
10	2013	2135	11721	11740
5	2013	2135	11722	11741
10	2013	2136	11726	11745
10	2013	2136	11735	11751n
15	2013	2136	11730	11754
15	2013	2136	11730	11756
15	2013	2136	11728	11753n
5	2013	2136	11728	11753m
15	2013	2136	11731	11755
10	2013	2136	11732	11756m
15	2013	2136	11734	11758
10	2013	2136	11743	11765o
5	2013	2136	11745	11765p
5	2013	2137	11756	11775m
5	2013	2137	11755	11773m
15	2013	2137	11757	11780
10	2013	2137	11763	11778
10	2013	2137	11765	11781m
5	2013	2138	11770	11791
15	2013	2138	11776	11794m
10	2013	2138	11774	11791m
10	2013	2138	11777	11799
15	2013	2138	11784	11806
10	2013	2138	11785	11806m
15	2013	2138	11787	11806n
15	2013	2139	11796	11813o
15	2013	2139	11793	11809s
5	2013	2139	11800	11820m
10	2013	2139	11800m	11822
10	2013	2139	11808	11834
10	2013	2139	11809	11836
10	2013	2140	11818	11838
15	2013	2140	11823	11841
15	2013	2141	11839	11862m
15	2013	2141	11849	11868
5	2013	2141	11849	11869
5	2013	2141	11846	11872
15	2013	2141	11850	11875
15	2013	2142	11855	11888
10	2013	2142	11857	11884p
15	2013	2142	11857	11884o
10	2013	2142	11863	11891
15	2013	2142	11861	11890
15	2013	2142	11872	11895
10	2013	2142	11873	11896m
15	2013	2142	11875	11899
10	2013	2142	11879	11895p
5	2013	2143	11885	11906
10	2013	2143	11890	11916
10	2013	2143	11893	11912m
15	2013	2143	11895	11917m
15	2013	2143	11899	11926
5	2013	2143	11899	11921
10	2013	2143	11903	11930
15	2013	2143	11903	11928m
10	2013	2144	11913	11934
10	2013	2144	11908	11934m
10	2013	2144	11916	11938
10	2013	2144	11917	11944p
5	2013	2144	11921	11948
15	2013	2144	11933	11949
5	2013	2144	11928	11949
5	2013	2144	11931	11956
10	2013	2144	11931	11955
10	2013	2145	11934	11955
15	2013	2145	11936	11964
15	2013	2145	11941	11964
15	2014	2146	11961	11980
15	2014	2146	11960	11984
15	2014	2146	11960	11983
5	2014	2146	11967	11990
15	2014	2146	11975	11991n
5	2014	2146	11973	12003
5	2014	2146	11977	12004
15	2014	2147	11982	12012
15	2014	2147	11986	12013
10	2014	2147	11983n	12019
10	2014	2147	11987	12014n
15	2014	2147	11989	12017
15	2014	2147	11993	12024
15	2014	2147	11996	12022
5	2014	2147	12000	12026
15	2014	2147	12000	12028
5	2014	2147	12002	12027m
5	2014	2148	12005	12033
10	2014	2148	12015	12035
15	2014	2148	12015	12043
10	2014	2148	12010	12035n
15	2014	2148	12012	12035n
10	2014	2148	12012	12038
15	2014	2148	12017	12042n
5	2014	2148	12021	12045o
5	2014	2148	12027	12050
15	2014	2149	12032	12055m
5	2014	2149	12032	12055
10	2014	2149	12033	12055
10	2014	2149	12035	12058
15	2014	2149	12038	12061m
10	2014	2149	12047	12076
10	2014	2149	12049	12075
10	2014	2150	12055	12079
5	2014	2150	12057	12082
10	2014	2150	12058	12080m
10	2014	2150	12065	12087
10	2014	2150	12072	12092
5	2014	2150	12075	12098
15	2014	2150	12075	12101
15	2014	2150	12077	12105
5	2014	2151	12079	12102
10	2014	2151	12080	12104
5	2014	2151	12085	12107
10	2014	2151	12087	12114
10	2014	2152	12104	12125
10	2014	2152	12107	12128
15	2014	2152	12108	12130
10	2014	2152	12109	12130
10	2014	2152	12111	12130m
10	2014	2152	12113	12134
5	2014	2152	12121	12148
5	2014	2153	12127	12151
15	2014	2153	12130	12153
5	2014	2153	12137	12154
10	2014	2153	12137	12152p
15	2014	2153	12139	12158m
10	2014	2153	12147	12166n
15	2014	2153	12148	12167
10	2014	2154	12149	12169
15	2014	2154	12161	12181
15	2014	2154	12164	12185
15	2014	2155	12175	12193m
15	2014	2155	12172	12192
15	2014	2155	12173	12192
15	2014	2155	12176	12193n
5	2014	2155	12181	12197
10	2014	2155	12178	12196
10	2014	2155	12186	12206m
15	2014	2155	12188	12205
5	2014	2155	12187	12207
15	2014	2155	12187	12208
10	2014	2156	12193	12210
10	2014	2156	12192	12209
10	2014	2156	12195	12215n
5	2014	2156	12197	12216
15	2014	2156	12203	12219m
15	2014	2156	12201	12218m
10	2014	2156	12205	12228m
5	2014	2157	12209	12235
10	2014	2157	12219	12243m
15	2014	2157	12217	12244n
5	2014	2157	12218	12246
10	2014	2157	12226	12244m
5	2014	2157	12222	12248
10	2014	2157	12230	12255
15	2014	2159	12234	12257p
5	2014	2159	12239	12258
10	2014	2159	12235	12259
5	2014	2159	12241	12261
10	2014	2159	12246	12267
10	2014	2159	12253	12276
15	2015	2159	12257	12277
15	2015	2159	12260	12277q
5	2015	2159	12266	12280s
15	2015	2159	12271	12291
10	2015	2159	12268	12289
15	2015	2160	12289	12306m
10	2015	2160	12289	12303n
15	2015	2160	12292	12307p
5	2015	2160	12292	12305
10	2015	2161	12296	12319
15	2015	2161	12297	12320m
15	2015	2161	12297	12320p
10	2015	2161	12308	12322m
5	2015	2161	12303	12324
5	2015	2161	12305	12327
15	2015	2162	12323r	12337p
10	2015	2162	12322	12345
10	2015	2162	12326	12343o
15	2015	2162	12326	12343
5	2015	2162	12326m	12342m
15	2015	2162	12326m	12343
15	2015	2162	12321	12343o
15	2015	2162	12321	12343
5	2015	2162	12324	12347m
5	2015	2162	12325	12347
5	2015	2162	12331	12348
5	2015	2163	12338	12363
15	2015	2163	12339	12360
15	2015	2163	12345	12361
15	2015	2163	12342	12366
15	2015	2163	12344	12365m
10	2015	2164	12353	12369
15	2015	2164	12360	12373
15	2015	2164	12360	12376
15	2015	2164	12368	12383
15	2015	2164	12367	12384
10	2015	2165	12372n	12390
10	2015	2165	12373	12391m
15	2015	2165	12376	12391m
10	2015	2165	12379m	12397
10	2015	2165	12381	12394
5	2015	2166	12396	12406q
10	2015	2168	12414	12422z
15	2015	2168	12415	12430
15	2015	2168	12415	12432
15	2015	2168	12418	12431
10	2015	2168	12420	12436
5	2015	2168	12422	12437
15	2015	2168	12427	12442
5	2015	2168	12427	12439
10	2015	2169	12434	12452
15	2015	2169	12437	12450o
10	2015	2170	12454	12465s
